-0.42811
0.20342
-0.33081
2.133
-0.57245
0.58065
-0.77745
-0.99794
-1.193
1.0019
0.13504
-2.1352
-0.4071
-0.064374
-0.48883
1.0521
0.85102
-4.8314
0.58428
-0.6986
0.1618
0.84587
1.1758
1.4491
0.98301
-0.16656
1.3442
0.78089
-0.099853
0.73807
-0.040838
-0.74395
0.2727
2.701
-0.015503
-0.18405
0.28156
-0.29533
-0.2725
0.61508
-0.49618
-0.080247
-0.18692
0.80036
-0.79045
-0.00059127
-1.2118
-0.0023465
-0.0114
0.047932
0.15304
-0.40765
-0.50774
-0.59287
0.2995
-1.1235
0.84989
1.8404
-0.26348
0.51326
-0.61311
0.73714
-0.30974
0.75849
0.066863
-1.176
0.30928
-1.1219
-0.22412
0.81717
-0.86609
-0.039608
1.0182
0.04313
-1.2653
-0.6437
0.79778
-0.96338
0.80215
-0.80995
0.35026
-0.78943
-0.45973
-0.27736
0.93084
-0.77817
0.28427
-0.16998
-0.7126
0.37582
0.12039
-0.78024
-0.82924
0.10966
-0.63816
0.46583
-0.94761
-0.55085
-0.96984
-0.72936
0.80693
-0.86233
-0.93153
-0.36242
-0.13656
-0.92984
0.72748
0.47259
-0.79604
-0.039497
0.43764
0.93594
0.86328
0.68466
0.54606
-0.19634
-0.57152
0.27073
0.29755
-0.018291
-0.84303
-0.14707
0.69737
0.8509
0.018134
-0.88434
-0.89607
0.7775
-0.1687
-1.0149
2.2095
0.93926
5.0476
0.47964
-1.7659
-1.2247
-0.94911
-0.3102
0.01397
-0.54297
0.87234
-0.79658
0.77276
0.044333
-0.41959
0.1115
-0.74636
-0.10234
1.1326
1.1108
0.65444
1.1946
-0.24669
0.016272
0.72047
-0.030146
-0.84335
-0.06123
0.53724
-0.10102
-0.85279
-0.20791
0.10841
-0.8019
-0.22163
-0.71298
-0.80454
0.84194
-0.20607
-0.093186
-0.90515
-0.009583
-0.3542
-0.70877
-0.57966
-0.49347
0.30152
0.55267
0.017551
-0.80203
-0.31819
1.0044
-0.63894
-0.87219
-0.45207
-0.28895
-0.58908
0.037961
-0.43654
0.85312
1.4049
-0.093144
0.12473
0.37077
0.69008
0.53272
-0.30988
-0.4456
0.50997
0.8205
-0.3534
0.9468
0.14342
0.56345
1.1399
0.73808
0.78119
0.37373
-0.17646
-0.41925
-0.41274
0.19147
-0.72031
0.86033
0.24879
0.81734
0.054051
0.96756
0.30825
0.39412
-0.80999
0.21994
-0.96305
-0.48382
-0.82664
-0.5582
-0.3941
0.26301
-0.3086
-0.59214
-0.80775
0.50744
-1.4589
-0.075305
1.0473
-0.19818
1.0744
-0.28849
0.42507
0.47064
0.69279
0.97499
2.1996
-0.68886
0.36814
-0.60941
0.63168
0.53796
-0.58604
0.83424
-1.3141
0.32409
0.61036
-0.25037
-0.16138
-0.69698
0.048222
-0.75297
-0.90418
0.30131
-0.99478
-0.28611
-0.17486
-0.72904
-0.4557
-0.28154
-0.36854
-0.97295
-0.1395
-0.36674
-0.15831
0.50231
0.21466
0.74276
0.8843
-0.70895
-0.95336
0.54439
-0.59541
0.09249
0.70676
0.35223
-0.20476
0.93607
0.064027
-0.30871
-0.35593
0.03649
-0.68016
0.067745
-0.90237
0.94581
-0.076052
-0.49721
0.85433
-0.29044
-0.48732
-0.44437
0.67498
0.4338
-0.87451
-0.28716
-0.99036
0.091138
-0.38721
-0.41964
-0.4589
0.6649
0.92669
-0.7128
-0.95396
0.40689
-0.38229
0.074459
-0.57053
0.54317
-0.064807
0.61586
-0.82898
0.64043
1.3854
0.43367
0.47959
0.42256
0.17615
0.7585
0.66239
0.42398
-1.0809
-0.42124
-0.13677
0.48645
0.1006
0.48771
0.68139
-0.89309
1.1107
-0.70716
0.089298
0.48265
0.89509
0.0057478
-0.038145
0.64855
-0.20537
0.36849
-0.38442
-0.52599
0.54699
0.43246
-0.29322
-0.078733
-0.89315
0.030232
-0.015622
0.031691
-0.040827
-0.96145
0.087699
0.25202
-0.1974
0.72186
0.76119
-0.003711
0.89769
-0.01459
-0.44431
-0.89252
-0.86974
-0.43185
0.45032
-0.69269
-0.29678
-0.56315
-0.6215
-0.83725
-0.058963
0.47909
0.90932
0.73713
0.24928
0.49644
0.53116
-0.45739
-0.085168
-0.479
0.86745
-0.31271
-0.13152
-0.77831
-0.12888
0.31574
0.079756
0.91788
0.92278
0.7595
-0.2787
0.186
0.82951
-0.20539
-0.30754
-0.024029
0.90634
0.14978
0.1539
-0.62128
0.54655
-0.062914
0.42765
-0.28574
-0.58134
0.021541
0.26743
0.74317
-0.16024
-0.53029
0.93022
0.37051
0.72845
0.88479
-0.91099
-0.24435
0.067691
0.49669
0.031337
0.068931
0.87569
-0.52768
-0.11801
-0.28331
-0.11242
0.87998
0.36435
-0.19874
-0.23883
0.57506
0.60873
-0.69522
-0.14177
-0.94828
-0.90692
-0.85888
-0.33117
-0.57119
-0.659
0.35687
-0.89489
-0.11542
-0.87421
0.30041
0.41247
0.089322
-0.16789
0.84403
-0.1662
0.86682
0.93135
0.91603
-0.33122
-0.54431
0.59704
0.97636
-0.24157
-0.41879
-1.0525
0.52119
-0.53653
0.15887
0.085455
-0.6053
-0.14849
0.057224
-0.90495
-0.070169
-0.17542
-0.96919
-0.74301
0.5277
-0.36385
-0.66344
-0.15912
0.55261
0.70968
-0.30433
0.76851
-0.55265
0.94442
-0.52754
-0.57414
-0.0034898
0.77974
-0.77233
-0.35444
0.26875
0.36898
0.5255
-0.66062
-0.93273
0.19684
-0.52982
0.50682
-0.69383
0.57597
-0.53082
0.21022
-0.47838
0.50337
-0.66491
0.4828
0.27536
-0.59692
0.98009
0.92336
0.88516
-0.7609
0.74337
0.25487
-0.8037
-0.45871
-0.18281
0.43119
-0.014487
-0.20504
0.23483
0.15393
1.1273
1.0156
-1.0021
-0.85883
0.037131
-0.70164
-0.010781
0.4877
-0.71173
0.46515
-0.028925
0.067327
0.57062
0.23768
0.025745
0.58148
0.75348
-0.93194
-0.010281
-0.30964
-0.77688
0.61363
-0.7528
0.12245
-0.5643
-0.012232
-0.040539
-0.59027
-0.91667
-0.56795
0.57876
0.76016
-0.49189
-0.14812
-0.71752
0.51587
-0.10498
-0.94638
-0.31158
0.73084
0.34546
-0.33581
0.46609
0.51239
-0.42749
0.96765
-0.3792
-0.45202
-0.2155
-0.95908
-0.36391
-0.4562
0.065773
0.50863
-0.027145
0.48732
-0.099534
0.8815
-0.76215
0.89402
0.95058
-0.89837
0.41455
0.81724
0.24506
0.92194
0.43541
-0.22456
-0.45069
-0.81526
-0.70558
-0.20758
-0.73404
0.54684
0.041124
-0.25329
-0.86299
-1.0343
0.66333
0.66733
0.82914
-0.12605
-0.047964
-0.63194
0.95471
-0.46041
0.97711
-0.74368
0.0001835
0.72824
0.060338
0.49544
-0.63837
0.78953
-0.49955
-0.81149
-0.6342
1.0684
-0.82344
0.36404
0.24063
0.844
-0.51211
-1.0049
0.014251
0.22084
-0.45638
-0.67384
-0.66682
1.0941
-0.75912
-0.94308
-0.83824
-1.0846
0.76885
1.0308
0.26891
0.10507
0.57195
0.242
0.27147
0.14818
0.75164
-1.0803
-0.50317
-0.38103
0.44083
-0.17264
-0.64635
0.84712
0.047382
-0.23896
0.049355
0.737
0.79143
-1.0539
-0.68713
0.68317
0.50006
0.87962
-0.72522
0.27252
0.21035
-0.43546
-0.34025
0.85982
-0.67159
-0.15966
-0.4844
-0.18144
-0.063829
-0.14631
0.85617
1.0201
-0.11215
0.15415
0.22467
-0.72632
0.70547
0.73685
-0.12374
0.71213
0.11786
0.2435
0.49408
-0.95104
-0.7273
0.032591
0.51378
0.82823
-0.11513
0.90364
-0.41998
0.00023977
-0.73387
0.10901
-0.025868
-0.40622
-0.92102
-0.82713
0.94074
0.32562
-0.52124
-0.41879
-0.83699
0.43429
-0.62342
-0.56809
0.77437
-0.042611
-0.19995
0.80459
0.29692
-0.20446
0.8539
0.47928
0.98761
-0.58401
-0.7948
-0.37528
-0.32632
0.016186
6.2571
0.10484
-1.318
0.064372
-2.3806
0.31298
-0.37777
-1.6718
0.98852
-0.27948
-0.21836
0.2635
-0.88922
-0.28445
0.32107
0.34322
-0.030209
0.87094
0.55492
1.3489
0.7316
-0.19367
0.055182
0.1576
