-0.37591
-0.07174
-0.19277
-1.3293
-0.62705
0.79511
0.80831
1.351
1.8087
0.35527
0.70852
0.55685
0.066388
-0.094291
3.449
-0.019981
0.44584
-0.20775
-0.33122
-0.55298
-0.73858
-0.73715
0.77974
-0.75641
0.7719
-1.3803
-0.44152
0.081918
0.2815
0.029297
-0.29559
0.57233
0.73474
-0.56865
-0.24735
-0.081445
0.52107
0.1489
-2.7267
-0.65123
-0.7319
0.67167
1.8355
0.45012
-4.1109
1.9515
0.0096104
-0.090926
1.0305
-0.72108
0.88714
-0.80061
0.16769
-0.87153
-0.021715
0.42965
-0.78845
-1.6554
-0.18767
0.20899
0.53745
0.39171
-0.65551
-0.75423
0.64665
0.22889
-0.30467
0.74612
-0.58989
-0.67433
-0.44208
1.6542
-0.7365
-0.65463
-0.19791
0.51735
-0.9044
1.3626
0.39054
2.3888
-0.77564
-0.60098
-0.57041
-0.79872
-0.47856
0.23388
-0.17127
-1.8012
-0.23958
-3.2825
-0.14095
1.4359
0.029861
0.70138
-0.26491
-0.64306
-0.71708
-0.82844
-1.5929
-0.89381
1.582
0.83009
1.1074
0.35598
-0.189
-0.24258
0.50046
0.33515
0.6814
-0.40844
-0.6182
-0.5475
-0.90087
0.20637
0.87781
0.63395
0.7838
-1.0806
-0.46686
0.20044
0.66976
-0.81864
-0.9072
-0.13206
0.10285
-0.14268
0.16479
0.32053
0.11536
-0.88836
-0.86077
-0.96049
-0.95916
-0.095442
-0.13726
-0.9793
-0.61214
0.15501
-0.73531
0.83494
-0.12167
-0.24799
0.037902
0.25133
0.85575
0.8646
0.51964
-0.43369
-0.55036
-0.47145
-0.77965
0.46516
0.54987
-0.56032
-0.19247
-0.39298
-0.42499
0.023014
0.36003
0.7749
-0.53717
-0.98357
0.2294
-0.23372
-0.78746
0.04919
0.7282
-0.7306
0.68234
0.047782
0.9222
0.4666
0.33527
-0.0025113
0.035271
-0.35235
-0.12849
0.87793
0.68889
-0.09822
-0.13479
1.0984
0.9908
-1.0239
0.10326
-0.51653
0.19541
0.54623
-0.88562
-0.42502
0.85494
-0.75313
-0.62258
-0.58439
0.83881
-0.86644
-0.95675
0.082608
0.23565
-0.88579
-0.40786
-0.59288
0.45512
-0.14368
0.25336
-0.66465
-0.09321
-0.9856
-0.37719
-0.93966
-0.94254
0.62717
-0.26227
-0.34657
0.90685
-0.82406
-0.8999
0.29948
-0.069771
-0.68639
0.39664
-0.62334
0.69615
-0.68454
0.60471
0.44243
-0.47625
0.38892
0.50866
0.48292
-0.32383
0.80905
0.82243
0.16931
-0.000488
0.090669
-0.9602
0.61511
0.72918
0.43306
0.14384
-0.46096
-0.74913
-0.30616
-0.16739
-0.66832
0.43709
0.68513
-0.94872
0.41215
-0.15768
-0.6753
-0.45391
-0.27594
0.22649
-0.60833
0.034532
0.12395
-0.62505
0.46326
-0.79409
0.35574
0.20012
0.76308
-0.024325
-0.47755
-0.30441
0.21283
0.51456
-0.82476
0.76701
-0.48288
0.68729
-1.0723
0.52252
-0.087561
0.2223
0.027189
0.69701
-0.98954
0.9797
0.57463
0.32384
0.10356
-1.2647
-0.91267
-0.16944
0.21128
-0.049812
0.83982
0.63347
0.25599
-0.24015
-0.36797
-0.32035
0.44826
-0.08973
-0.97153
0.68711
-0.4566
-0.13061
0.33725
-1.3499
-0.64495
-0.88381
-0.36585
0.89978
0.41448
0.12533
0.11769
0.75227
0.93188
-0.74358
-0.11995
0.72717
0.55013
0.64823
-0.79404
0.85103
0.61973
-0.58283
0.38697
0.91894
0.70623
0.68203
0.49688
-0.66183
-0.70369
-0.29139
-0.60379
0.54952
0.71218
0.03829
0.25329
0.34289
0.44198
0.82193
0.056681
-0.7104
-0.40443
0.77542
0.25974
-0.57767
-0.6175
-0.57182
0.57081
-0.53341
0.66059
0.41176
0.35929
-0.81106
-0.79589
0.48726
0.95967
0.72886
0.21142
-0.23133
0.35473
0.89182
-0.8825
-0.48236
-0.80396
-1.1781
1.5957
0.45181
2.1543
0.49681
-0.32383
-0.17435
-0.49412
0.88219
0.048371
-0.010814
-0.52859
0.34349
-2.837
1.2659
-0.23251
0.49421
-0.44814
-0.64656
-0.94602
0.01283
0.49394
-0.27876
-0.84975
1.338
-0.81295
0.36509
-0.13104
0.6147
-0.23729
-0.95091
0.27515
-0.067626
-0.33421
-0.41465
-0.41275
-0.41468
0.19544
-0.877
-0.58864
-0.65657
-0.11048
-0.092413
0.63203
-0.028512
0.68373
0.13636
0.60045
0.028515
0.72042
0.98208
0.52498
0.0083809
0.44239
0.19286
-0.1262
0.16327
-0.002154
0.32372
-0.41082
-0.14526
0.80051
-0.2061
0.8727
0.91801
1.1416
-0.032269
0.7972
0.15158
0.57853
-0.040644
-0.55718
0.33774
0.7946
0.30859
0.30274
0.3593
0.84016
0.4679
-0.019351
-0.027765
0.35712
-0.67931
0.47625
0.55098
-0.16732
0.16961
0.06279
0.83205
0.62164
-1.1253
0.20089
-0.14506
0.38368
-0.93363
0.71399
-0.97907
0.76094
-0.84834
0.87207
-0.045646
-0.91427
-0.47942
0.89919
0.58397
0.28988
0.47813
0.8864
-0.41502
0.245
-0.17414
-0.26964
-0.58504
0.71139
0.050569
0.16667
0.06817
-0.42036
-0.52452
0.15268
-0.27524
0.71973
-0.4051
0.18671
0.58068
0.55044
0.77728
-0.41931
-0.45486
-0.71526
-0.4652
-0.86002
-0.83137
0.31508
-0.23008
0.7043
0.22663
-0.95121
0.49155
0.87818
-0.55927
-0.83398
-0.12347
-0.066343
0.90897
0.026865
-0.66922
0.66297
0.98406
-0.47599
0.95588
0.38343
-0.092681
0.54037
-0.90844
-0.91414
0.10762
0.14529
0.41591
0.4089
0.56595
0.34616
0.31941
0.38064
0.25493
0.37555
0.54283
-0.064927
-0.076901
0.8033
-0.83629
-0.042488
-0.27903
0.17396
0.61262
0.1898
-0.46504
0.50844
-0.59651
0.15826
-0.32482
-0.18262
0.58592
-0.52664
-0.78908
-0.50909
0.070837
-0.67168
0.93917
0.53992
0.38597
0.26448
0.15952
-0.14334
-0.44799
-0.95163
-0.1053
0.44174
-0.80283
0.60209
-0.73858
0.47756
0.71257
-0.58358
0.43427
-0.16153
0.060722
-0.76266
0.18729
0.73725
-0.19961
-1.3538
0.52723
-0.57005
-0.89684
-0.94441
0.15607
-0.46176
0.1826
1.4108
0.37353
1.3636
0.61772
0.45986
-0.2473
0.73689
0.79083
-0.51527
-0.32588
0.86927
-0.55474
-0.189
-0.90038
-0.47591
-0.050341
-0.18328
0.29283
-0.49619
0.31201
-0.72479
0.2188
0.68888
0.39675
0.053602
-0.77072
0.11441
-0.69257
1.3913
0.41658
-0.58078
-0.88035
-0.59245
0.6386
-0.017753
0.87508
-0.56339
0.84571
0.12939
-0.072597
0.95656
0.44931
0.032673
-0.20446
1.3766
-0.38955
0.61682
-0.14629
-0.3342
0.01875
-0.16113
0.8249
-1.4285
-0.79758
-0.71149
0.69794
-0.20301
-0.027188
-0.99567
0.97018
0.46974
0.56454
-0.77385
0.97834
-0.50702
-0.29674
-1.1246
-0.41437
0.1056
0.74607
0.050751
0.65611
0.42078
-0.28427
0.94478
0.036218
0.16851
0.64944
-0.5296
0.6718
-0.22877
-1.4707
0.98181
-0.30526
-0.7418
-0.93759
-0.49982
0.2345
0.22226
-0.70029
-0.073095
-0.32619
-0.19632
-0.55357
-0.061549
0.72098
0.5752
0.090953
-0.93712
-0.89324
0.3295
-0.16457
-0.15311
-0.23069
0.51103
0.82339
-0.24651
0.83979
-0.91149
0.55289
-0.78547
-0.66697
0.60933
0.23024
-0.34573
0.34687
0.7937
-0.64957
0.15444
-0.91464
-0.44503
-0.76453
0.50269
-0.47004
-0.40971
-0.99772
-0.21102
0.87445
-0.85207
0.97181
-0.49537
0.63385
-0.14559
0.62346
-0.85164
0.55312
-0.48133
-0.56046
-0.54657
-0.23461
-0.42816
-0.6159
0.42983
0.53747
5.2417
-1.1595
-0.3042
-0.28812
-0.90161
0.69141
-0.57131
-0.85975
-1.3319
0.1007
-0.90746
-4.2053
-0.63426
0.68426
0.25468
-0.038314
-0.26731
0.22608
0.017968
1.9185
1.4118
-1.587
1.6589
-0.032332
-0.026105
-0.38199
