4
1
4
16
16
16
16
sigmoid
sigmoid
sigmoid
sigmoid
tanh
1.0359421968460083
-0.23684298992156982
3.7119967937469482
2.607541561126709
-2.574653387069702
0.5890583992004395
0.40751123428344727
-1.4048264026641846
-4.14808988571167
-1.6135891675949097
0.9364401698112488
3.7651708126068115
2.01692533493042
-0.36427420377731323
-0.2761324644088745
0.26478809118270874
3.175389051437378
1.289178729057312
-4.16527795791626
-0.06169751286506653
2.896024465560913
-0.7233973741531372
-8.972516059875488
1.6373982429504395
1.229416012763977
1.1854090690612793
2.420894145965576
-0.6409770846366882
-1.7908024787902832
-0.1814245730638504
-1.237580418586731
-2.3924453258514404
-0.18357905745506287
1.3334541320800781
-0.5762287378311157
0.775331437587738
1.5933672189712524
-1.275349736213684
-1.780356526374817
-0.4340270161628723
-1.1615407466888428
1.8062729835510254
-0.23067991435527802
3.5883278846740723
1.3200613260269165
-1.009040355682373
-1.8284912109375
0.2586459219455719
1.0244864225387573
-0.4451676607131958
0.4862668216228485
1.4799609184265137
0.23319990932941437
0.33687081933021545
-1.230683445930481
0.5497557520866394
0.529364287853241
1.7515342235565186
-2.1767375469207764
0.8739894032478333
-1.2676670551300049
-1.6537336111068726
0.9580540060997009
1.0447076559066772
-0.4401056170463562
0.8961041569709778
1.472098708152771
-2.1409685611724854
1.077681541442871
-1.9786403179168701
-1.1709307432174683
-4.265294075012207
-2.133324146270752
0.7605624198913574
-0.5056203603744507
0.521779477596283
1.5139203071594238
-1.3544070720672607
-0.7518350481987
-0.07341516017913818
1.2460532188415527
1.6543397903442383
0.2205391377210617
1.794844388961792
-3.4268875122070312
0.7358075976371765
-1.8965225219726562
0.45364686846733093
-1.2418380975723267
-1.7057936191558838
0.14373913407325745
0.07304675132036209
-1.0616928339004517
-0.7430444955825806
-1.832421064376831
0.12526802718639374
-0.8613843321800232
2.897700309753418
0.2730938792228699
1.2871021032333374
1.1757118701934814
0.11877311766147614
0.9449107646942139
-1.5055286884307861
0.32967352867126465
-0.5000758767127991
-1.1516404151916504
1.330820918083191
0.193160280585289
-1.0033544301986694
-0.013089330866932869
-1.8641414642333984
0.64425128698349
-0.33453118801116943
-2.2402265071868896
-1.46126389503479
-0.3251517713069916
-0.131802037358284
1.3248573541641235
-0.34081849455833435
0.6655284762382507
-1.0513862371444702
1.2696874141693115
0.7147233486175537
-0.33085915446281433
0.1560089886188507
0.8170366883277893
-2.284353733062744
0.4375247359275818
-0.6049091815948486
0.16282229125499725
-2.4403321743011475
-1.6074107885360718
-1.0988750457763672
-0.7930712699890137
0.2871208190917969
-1.283511757850647
1.105331301689148
-1.6025848388671875
0.8375826478004456
0.6847146153450012
-0.8365349769592285
-0.748548150062561
0.9325023293495178
-0.8817808032035828
0.7470903396606445
-1.0398125648498535
-0.04124567285180092
-4.643492698669434
-0.5603498816490173
0.41290542483329773
1.2440533638000488
-0.46994322538375854
0.9098469614982605
-2.1827409267425537
0.2687258720397949
-0.9680142998695374
-1.7419090270996094
-0.8908774256706238
0.7255520820617676
-1.2351974248886108
-3.7635977268218994
-2.8403561115264893
0.17985562980175018
-0.7127211093902588
1.526332974433899
0.8510794043540955
0.33837392926216125
-0.3727532923221588
-1.0439187288284302
0.5292782187461853
-1.474449634552002
0.5780596733093262
-1.7506349086761475
-1.199110746383667
-0.0013715446693822742
-0.2996543347835541
-1.2312581539154053
0.7910929918289185
-1.7490994930267334
0.2610177993774414
-0.8044623732566833
0.18514040112495422
1.35727858543396
0.09073156118392944
0.35582342743873596
-1.800449013710022
0.4320811331272125
-1.3557252883911133
0.527437686920166
-1.8861192464828491
-1.3531473875045776
-0.5765042304992676
-0.4012875258922577
-1.0964844226837158
0.3894830346107483
-1.3004789352416992
0.13252758979797363
-0.6536867618560791
0.8607926964759827
2.409224271774292
0.2660396695137024
0.6183143258094788
-1.6078948974609375
0.6517489552497864
-1.0235594511032104
0.9466645121574402
-2.0954442024230957
-1.067211389541626
-0.11655580252408981
0.25960859656333923
-0.902168869972229
0.4823441505432129
-1.0230661630630493
0.5713431239128113
-0.5022536516189575
1.6419862508773804
0.5444047451019287
1.358434796333313
1.19977605342865
-0.1313898265361786
0.8807408213615417
-1.1634629964828491
0.7413880825042725
-0.8250099420547485
-1.1262465715408325
0.6514996886253357
0.28365975618362427
-0.9661381244659424
-0.2159542292356491
-1.5979915857315063
0.48675841093063354
-0.5594123005867004
-0.2629384696483612
2.8321995735168457
-0.2069457620382309
1.4942128658294678
-2.4563426971435547
0.28847357630729675
-1.3909131288528442
0.7607982754707336
-1.7162162065505981
-1.3738936185836792
-0.6579253077507019
0.19107359647750854
-1.2819242477416992
-1.2945137023925781
-0.8451628684997559
0.18763409554958344
-1.050607681274414
1.3049678802490234
0.8808707594871521
-0.3476184606552124
0.3614058494567871
-1.3239665031433105
0.18627294898033142
-1.5533901453018188
0.4107252359390259
-0.43173784017562866
-1.8816354274749756
1.2348113059997559
-0.9615924954414368
-1.6018527746200562
2.881420135498047
-0.6755861639976501
0.46810823678970337
-0.7858185768127441
1.9325807094573975
1.2440738677978516
0.022426879033446312
0.9291195869445801
-2.274773597717285
0.2594674527645111
-1.3156989812850952
0.47018611431121826
-1.3246917724609375
-1.683590292930603
0.6320809125900269
-0.207493394613266
-1.2656657695770264
0.6859616637229919
-0.20652487874031067
0.17218030989170074
-0.8663480877876282
1.7404115200042725
0.6229711771011353
-0.020414378494024277
0.7654367089271545
-1.50634765625
0.19118736684322357
-1.7004178762435913
0.022190362215042114
-0.5936262607574463
-1.5147368907928467
1.0207003355026245
-0.8889089226722717
-1.5725722312927246
2.1227943897247314
-0.5106513500213623
0.2210327535867691
-0.8297918438911438
2.736933469772339
-0.3170471489429474
1.632989525794983
1.686217188835144
0.08947660773992538
1.138654351234436
-1.211669683456421
0.41275355219841003
-0.6292908191680908
-1.0080760717391968
1.253987193107605
-0.20630033314228058
-0.9329033493995667
-0.40447983145713806
-2.024545431137085
0.6483128666877747
-0.22603529691696167
-0.8260886669158936
-0.8498281836509705
-1.760736346244812
-0.326724112033844
0.20192277431488037
-3.1263389587402344
0.42591848969459534
-3.279536485671997
-0.35926467180252075
0.3406837284564972
-3.3210670948028564
-2.0547826290130615
0.156094029545784
-4.870079040527344
0.37471041083335876
-3.8128256797790527
-0.5791099071502686
1.1190603971481323
0.8299450874328613
1.4411463737487793
1.756856083869934
0.011475026607513428
0.785429835319519
-1.3913657665252686
0.6551401615142822
-0.7471075057983398
-1.0212764739990234
0.9310704469680786
-0.0287026297301054
-1.3729747533798218
-0.881784975528717
-1.721286416053772
0.926497220993042
-0.43652036786079407
-2.5593364238739014
-0.15170153975486755
-0.8693851232528687
-1.0174802541732788
-1.4731017351150513
-0.989095151424408
-1.0929383039474487
-1.1297308206558228
-0.41640254855155945
-0.9490150213241577
-0.7224552631378174
-0.889420211315155
-0.7999621033668518
0.09595052897930145
-3.447791337966919
-0.5794948935508728
-0.7859516143798828
-1.98479163646698
-0.7998172044754028
0.5795519948005676
2.167818069458008
-1.30416738986969
-0.5528687834739685
-0.7109619975090027
-0.7282805442810059
-0.46291330456733704
-1.4002712965011597
-1.9470113515853882
-1.821505069732666
-1.7091838121414185
-0.824078381061554
-7.4089226722717285
-0.7472664713859558
0.6080979704856873
0.9443454146385193
1.3496185541152954
-0.7233415842056274
-0.5533132553100586
0.42329347133636475
0.9114508628845215
1.0445951223373413
1.0940217971801758
0.9471868872642517
1.4788384437561035
2.1106278896331787
0.9445642828941345
1.816902756690979
0.9856955409049988
-3.29805850982666
0.6881973743438721
-0.45033881068229675
-1.6418389081954956
-0.7749094367027283
-0.2861859202384949
-0.3852418065071106
-0.8252886533737183
-0.4421940743923187
-0.46718499064445496
-0.6931858658790588
-0.9450279474258423
-1.3282196521759033
-1.4719237089157104
-1.2802975177764893
-1.447238564491272
-1.1640808582305908
3.733832836151123
-1.1725057363510132
-0.6228474974632263
-1.5139976739883423
-1.120403528213501
-0.4079834818840027
-0.09698428213596344
-0.6923472881317139
-0.4404197037220001
-0.8047567009925842
-0.7460144758224487
-0.9074921011924744
-1.4307459592819214
-1.377287745475769
-1.4048385620117188
-1.2666395902633667
-1.03007173538208
3.5094153881073
-0.8053187727928162
-0.5583045482635498
0.6883841753005981
-0.9753356575965881
-1.8515626192092896
-1.7438050508499146
-0.9976954460144043
-0.04163709282875061
-0.15962080657482147
-0.592583179473877
-0.9682402014732361
0.7595102787017822
2.8876073360443115
1.6251497268676758
2.5331618785858154
-0.9153679609298706
-3.525153636932373
-0.572235107421875
-1.600889801979065
0.9070485830307007
1.5492191314697266
-0.3974497318267822
-0.45214006304740906
0.5738219022750854
1.7312813997268677
1.4661304950714111
1.6717256307601929
1.2041058540344238
1.4473226070404053
2.1173653602600098
1.320671796798706
2.072910785675049
1.5151115655899048
-3.4076480865478516
1.1980504989624023
0.06490344554185867
-1.3244962692260742
-1.2632488012313843
-0.21459150314331055
-0.5084041357040405
-1.1187264919281006
-0.7388359904289246
-0.6936870217323303
-0.9036931395530701
-0.9380521178245544
-1.368457555770874
-1.3298143148422241
-0.9161807298660278
-1.503416657447815
-0.9522581696510315
4.071110248565674
-1.2712657451629639
-0.6724367141723633
0.12188497185707092
-0.1378457099199295
2.0143444538116455
2.0711495876312256
0.6536489129066467
-0.4589315354824066
-0.31561100482940674
-0.8852689862251282
-0.24424678087234497
0.6016387343406677
-2.7490382194519043
-0.6978742480278015
-2.3862698078155518
0.16844196617603302
-1.5415080785751343
0.09750797599554062
0.3718861937522888
-0.6709631085395813
-0.0756869912147522
-1.2602163553237915
-1.1965240240097046
-1.7238123416900635
-0.8610333204269409
-0.5568553805351257
-0.26963576674461365
-0.2943393290042877
-0.20615625381469727
1.9883309602737427
-0.008177143521606922
1.248981237411499
-0.2878839373588562
-3.42972993850708
-0.2566625475883484
-0.934908390045166
0.6566634178161621
1.758448600769043
-0.17023277282714844
-0.10115839540958405
1.3349416255950928
2.003650188446045
1.8377408981323242
2.0593345165252686
1.830973505973816
1.4121989011764526
2.2017476558685303
0.8490746021270752
1.9183648824691772
1.8373699188232422
-3.5354509353637695
1.7152551412582397
0.29844772815704346
1.8029876947402954
0.5861037969589233
-0.7659205198287964
-1.1972267627716064
0.5046349763870239
0.16961468756198883
0.7811434268951416
0.7047359943389893
0.11052253842353821
1.413492202758789
1.963668942451477
1.6839748620986938
1.6415504217147827
0.7750756144523621
-3.3555965423583984
0.16109177470207214
-0.5000407099723816
0.4032423496246338
-0.8499575257301331
-1.5852112770080566
-2.1866867542266846
-1.2178409099578857
-0.4865604043006897
-0.6073886156082153
-0.8985521793365479
-0.521503210067749
0.23343323171138763
2.316540002822876
1.143431305885315
2.1720120906829834
-1.0091582536697388
-3.5943357944488525
-0.6328364610671997
-1.276064157485962
0.2016097903251648
-0.47980770468711853
-1.6507642269134521
-1.7742626667022705
-1.7003763914108276
-1.5627294778823853
-0.8858609795570374
-0.8898324966430664
-0.9174549579620361
0.033949896693229675
1.3081743717193604
0.10174677520990372
0.6270143985748291
-0.4139401614665985
-3.611820936203003
-0.6240532994270325
-1.104601502418518
-0.5873457789421082
0.8733165860176086
1.512479543685913
1.9459786415100098
1.32298743724823
-0.006962542422115803
-0.10272198915481567
0.48541387915611267
1.0052238702774048
-0.677969753742218
-2.5911412239074707
-1.603357195854187
-2.2608792781829834
0.8736277222633362
0.0023850928992033005
0.7880743145942688
0.9285721778869629
0.9972236156463623
1.2420313358306885
-0.6550498604774475
-0.7900979518890381
-0.06154247373342514
1.0758507251739502
0.9305366277694702
0.8792241215705872
0.9739207625389099
1.4880313873291016
1.9828294515609741
1.2296169996261597
1.6909064054489136
1.2470836639404297
-3.312541961669922
0.9105947017669678
-0.37526044249534607
-1.012253761291504
-0.7999849915504456
-1.3585989475250244
0.5313262343406677
0.6844120025634766
-0.9283305406570435
-1.5193634033203125
0.9529234170913696
-0.5648737549781799
-1.0486737489700317
-1.562166690826416
-1.2582217454910278
-0.9731106162071228
-1.00590980052948
-0.42234525084495544
-1.2838413715362549
-0.6437442302703857
-0.16125252842903137
-2.322963237762451
0.4502636790275574
-3.523648977279663
-3.934434413909912
1.3208447694778442
0.2718578577041626
-4.254372596740723
-1.4913055896759033
0.20488642156124115
-0.1445617824792862
0.288375586271286
0.8764370679855347
0.38684457540512085
-1.3800967931747437
0.1913614422082901
-0.4630657732486725
-0.6619354486465454
0.42378172278404236
-1.0058215856552124
0.7030971646308899
0.5674803256988525
-0.5876446962356567
-1.0103778839111328
1.007399320602417
-0.10034532845020294
-0.6661437749862671
-0.8936317563056946
-1.1349631547927856
-0.4289988577365875
-0.545063316822052
-0.042181648313999176
-1.3528270721435547
-0.0981513112783432
-1.0318223237991333
-0.5560082793235779
-1.4118691682815552
0.698419451713562
0.6835986971855164
-0.914053201675415
-1.2683881521224976
0.8953701853752136
-0.5291053056716919
-0.9956002831459045
-1.0942881107330322
-0.9903643727302551
-0.7080088257789612
-0.6083171963691711
-0.293348491191864
-1.375190019607544
-0.9171121716499329
-0.8148383498191833
-0.4139542281627655
-1.2856810092926025
0.1687515377998352
0.4796347916126251
-0.8846115469932556
-1.3665597438812256
0.846805989742279
-0.5650730729103088
-1.1172884702682495
-1.274656057357788
-1.329331398010254
-0.9874210357666016
-0.6496706604957581
-0.6488956809043884
-1.460591435432434
-0.5386722683906555
-0.30211836099624634
-2.7484846115112305
-0.25312384963035583
-4.089902400970459
-4.016985893249512
1.7913188934326172
-0.6036816835403442
-4.2582173347473145
-1.879218578338623
-0.5090938210487366
-0.5831999182701111
-0.5728556513786316
0.9260135293006897
-0.2083510458469391
-1.619539499282837
-0.3050766587257385
-1.178976058959961
-0.6956521272659302
-0.1836521178483963
-1.0205931663513184
0.6052084565162659
0.6674189567565918
-1.0093029737472534
-1.2720760107040405
0.9796128869056702
-0.1595156192779541
-1.1222054958343506
-1.2535759210586548
-1.2567869424819946
-0.7760266661643982
-0.565960705280304
-0.5451478362083435
-1.041683554649353
-0.6285309791564941
-0.3650011718273163
-2.8392574787139893
-0.25324228405952454
-3.808440685272217
-4.153252601623535
2.219468116760254
-0.26127317547798157
-4.444460868835449
-1.4582064151763916
-0.3188557028770447
-0.520940899848938
-0.171754390001297
1.32952880859375
-0.21373818814754486
-1.47765052318573
-0.2172594964504242
-1.092448353767395
-0.8386626839637756
-0.3525770604610443
-1.3339598178863525
0.5572142004966736
0.5427458882331848
-0.946270763874054
-0.9888283610343933
0.9426369071006775
-0.3621787130832672
-0.7713829278945923
-1.4016060829162598
-1.221081018447876
-0.7482894659042358
-0.48174965381622314
-0.5525766015052795
-1.247949242591858
-0.7466952204704285
-1.0313162803649902
-0.628646731376648
-1.523916482925415
0.238083153963089
0.1430482566356659
-0.9463150501251221
-1.5953015089035034
0.6670188903808594
-0.5950077772140503
-1.3002182245254517
-1.1621448993682861
-1.340309977531433
-1.096971869468689
-0.7154386043548584
-0.42804449796676636
-1.597065806388855
-1.081654667854309
-0.27230626344680786
-2.3877294063568115
0.130000039935112
-3.793849468231201
-3.6920571327209473
1.609549880027771
-0.011598936282098293
-4.213446140289307
-1.4409358501434326
0.17733615636825562
-0.2924383282661438
0.4283094108104706
0.7580379843711853
0.32388046383857727
-1.2465157508850098
0.1141834631562233
-0.7611497640609741
-0.13717040419578552
-2.653064727783203
-0.1362968236207962
-4.0082244873046875
-4.046755790710449
2.374422311782837
-0.27053582668304443
-4.352719783782959
-1.300122618675232
-0.12831450998783112
-0.5327168703079224
0.12009112536907196
1.296660304069519
0.0029202087316662073
-1.7366001605987549
-0.1777789145708084
-0.6724527478218079
-0.7629406452178955
-0.40779632329940796
-1.6278144121170044
0.12930677831172943
0.07063283026218414
-0.9971120357513428
-1.1182080507278442
0.13826802372932434
-0.3866756856441498
-1.0562485456466675
-1.5101031064987183
-1.509313941001892
-0.9356117248535156
-0.8653679490089417
-0.3647691309452057
-1.4556715488433838
-1.0006872415542603
-0.12071584910154343
-2.503932476043701
0.30093619227409363
-3.846778154373169
-3.7862234115600586
1.2976387739181519
-0.010032794438302517
-4.3267011642456055
-1.4002406597137451
0.3805464804172516
0.10348767042160034
0.3065938651561737
0.9628381729125977
0.284798264503479
-0.938350260257721
0.34394991397857666
-0.6194722652435303
-0.8051484227180481
-0.8079769611358643
-1.4247889518737793
0.6977190971374512
0.4085102379322052
-0.9329031705856323
-1.2436953783035278
1.0524054765701294
-0.616808295249939
-0.9138906598091125
-1.4059737920761108
-1.471868634223938
-0.8075734972953796
-1.037837266921997
-0.44856011867523193
-1.6196320056915283
-0.7014430165290833
0.07979994267225266
-2.2751290798187256
-0.1759154349565506
-3.66294002532959
-4.0482869148254395
1.9181275367736816
-0.24196435511112213
-4.164296627044678
-1.6201070547103882
-0.06621279567480087
-0.3519923985004425
0.02458529733121395
1.0189803838729858
-0.32769855856895447
-1.5859131813049316
0.1688108742237091
-0.7013464570045471
0.7702122330665588
-0.7879637479782104
0.6978587508201599
0.7888159155845642
0.6277530789375305
-0.4229291081428528
1.0388866662979126
-0.5661100745201111
0.7572941780090332
0.49764713644981384
-0.8455206155776978
-0.8341501951217651
0.42290234565734863
-0.6873437166213989
0.7098025679588318
-0.8281956911087036
-0.18261007964611053
0
10
