4
1
2
16
16
sigmoid
sigmoid
tanh
1.3368682861328125
-0.1396399289369583
-0.8071126341819763
-0.23986907303333282
-0.04445113241672516
-1.5128501653671265
0.1621055155992508
0.7479445338249207
0.0891212746500969
0.0778103768825531
-2.29219126701355
-0.04465057700872421
1.2747642993927002
-0.3226454257965088
-0.05827204883098602
-2.0386619567871094
-0.0296007189899683
1.1254924535751343
-0.08513079583644867
0.1012575626373291
-2.488029718399048
-0.10406902432441711
0.9228503108024597
-0.021989161148667336
-0.14783233404159546
-1.7852872610092163
-0.08141586929559708
0.4868074655532837
-0.148187518119812
0.26421353220939636
-2.2134790420532227
0.601364016532898
0.7616537809371948
0.08256454765796661
0.24485373497009277
-2.256216526031494
-0.10167478770017624
0.3148752748966217
0.2203873246908188
-0.15739965438842773
-2.3411507606506348
-0.09775941073894501
1.2122523784637451
-0.2080678641796112
-0.20668727159500122
-1.4429965019226074
-0.1915406584739685
0.8223933577537537
0.12125365436077118
-0.12947389483451843
-1.7316656112670898
0.35644757747650146
0.6970728039741516
0.3464857339859009
-0.5677958130836487
-1.8110144138336182
0.5188028216362
0.9980160593986511
0.40149542689323425
-0.35438600182533264
-1.6949546337127686
-0.02886275202035904
0.7421883940696716
0.13497726619243622
-0.08685334026813507
-0.9890746474266052
0.1744508296251297
0.23948200047016144
0.029682541266083717
0.23528245091438293
-2.258812427520752
-0.2684471607208252
0.39099130034446716
-0.06188696250319481
-0.06539662927389145
-1.3559420108795166
0.15397128462791443
0.2786237895488739
-0.0672292411327362
-0.001547801191918552
-0.10388447344303131
0.007649925071746111
0.015975890681147575
-0.341261625289917
-0.1176704615354538
0.14448735117912292
-0.2553144097328186
-0.0005940000992268324
-0.10827606916427612
-0.21692338585853577
-0.36450138688087463
0.07251555472612381
0.08779846876859665
0.030424732714891434
-0.05343858525156975
-0.2460789829492569
-0.29651743173599243
0.06131301075220108
-0.2989651560783386
-0.13269032537937164
0.03241138532757759
0.0632283017039299
-0.3395656645298004
-0.013555224053561687
-0.01821703091263771
0.06433667242527008
-0.2512790262699127
-0.11755679547786713
-0.021969012916088104
-0.25997063517570496
0.06540792435407639
-0.09205545485019684
-0.08908006548881531
-0.0269135981798172
-0.7308655381202698
-0.5455934405326843
-0.5033841729164124
-0.6050320863723755
-0.6522229313850403
-0.6732897162437439
-0.6073262691497803
-0.543594241142273
-0.4610382914543152
-0.6953111290931702
-0.7973460555076599
-0.4541616141796112
-0.6492271423339844
-0.45574310421943665
-0.7443419098854065
-0.5412048697471619
-0.8645306825637817
0.10694139450788498
-0.25854724645614624
-0.36824968457221985
-0.2371794879436493
-0.21875087916851044
-0.14021259546279907
-0.09969108551740646
-0.2816823720932007
0.08868647366762161
0.14015249907970428
-0.22003360092639923
-0.22795289754867554
0.04004784673452377
-0.18300515413284302
-0.01955520361661911
0.053547102957963943
0.07234787195920944
-0.3000892102718353
-0.056906748563051224
0.08787714689970016
-0.07233189046382904
-0.13995689153671265
0.07312467694282532
0.010593051090836525
0.008157886564731598
0.2899876534938812
0.2565174698829651
0.02449602074921131
0.27356836199760437
0.16102829575538635
-0.19860652089118958
0.20313242077827454
0.08653117716312408
0.002968694781884551
-0.37068819999694824
-0.41836413741111755
-0.6308046579360962
-0.4912392497062683
-0.5337551236152649
-0.8194798231124878
-0.5153064131736755
-0.3833620846271515
-0.5149505138397217
-0.6783063411712646
-0.35557082295417786
-0.5261072516441345
-0.6981323957443237
-0.7301366925239563
-0.7243390679359436
-0.4477226138114929
-0.39161813259124756
-0.20767050981521606
0.07237568497657776
-0.21270626783370972
0.0812453180551529
-0.31061840057373047
-0.08405379951000214
-0.10315000265836716
-0.2933000326156616
-0.12072610855102539
-0.3177977502346039
0.07190536707639694
-0.18088757991790771
0.11104627698659897
0.13953520357608795
-0.186025470495224
0.14108815789222717
-0.027676623314619064
-0.2718724310398102
0.07919313758611679
-0.0163318682461977
0.3030563294887543
0.20719633996486664
0.27838584780693054
0.08639029413461685
0.2953357398509979
0.2625793218612671
-0.15805684030056
-0.060472775250673294
-0.1262044906616211
-0.08334342390298843
-0.011770288459956646
0.21743638813495636
-0.21009288728237152
-0.24455654621124268
0.09161920845508575
-0.023006657138466835
-0.08498720824718475
0.12182894349098206
0.05646219477057457
-0.2624579966068268
0.08964846283197403
-0.2617858946323395
-0.38585570454597473
-0.24172809720039368
-0.276301771402359
-0.2931283712387085
-0.3031998872756958
-0.07891912013292313
0.09130673855543137
-0.12740232050418854
-0.2705000340938568
-0.18396130204200745
0.05952002853155136
0.025155793875455856
0.06126297265291214
-0.046532049775123596
-0.23776064813137054
-0.2687673568725586
-0.2840719521045685
-0.31570449471473694
0.11879001557826996
-0.11109331250190735
-0.27757373452186584
-0.2980361580848694
-0.2657126188278198
-0.21890999376773834
-0.16684941947460175
0.04087343066930771
0.09806482493877411
-0.31256619095802307
-0.28292015194892883
-0.03990933299064636
-0.23170062899589539
-0.1513722836971283
-0.034594155848026276
0.02336718514561653
-0.38596248626708984
-0.0738556832075119
-0.2498548924922943
-0.17422156035900116
0.11409007012844086
0.07382361590862274
-0.2724515497684479
-0.11753622442483902
-0.20845919847488403
-0.3185247480869293
-0.04796767607331276
-0.45837801694869995
-0.48881393671035767
-0.4294491410255432
-0.19009050726890564
-0.2135782092809677
-0.2543404698371887
-0.43136173486709595
-0.18064367771148682
-0.44791945815086365
-0.09883566200733185
-0.4348987340927124
-0.19461306929588318
-0.29614323377609253
-0.03211507573723793
-0.03477759659290314
0.023576071485877037
-0.27663302421569824
-0.256928950548172
-0.19674809277057648
-0.27930375933647156
-0.1579016000032425
0.11995372921228409
-0.15737421810626984
-0.05466385558247566
-0.14086323976516724
0.034780353307724
-0.17694056034088135
-0.03451528400182724
-0.23999549448490143
0.028522728011012077
-0.06162374094128609
-0.07811910659074783
-0.03120204247534275
-0.030821923166513443
0.09543797373771667
0.32316723465919495
-0.04768644645810127
-0.17513014376163483
0.012523404322564602
0.1186017245054245
0.10892801731824875
0.2267414629459381
-0.13201554119586945
-0.0334111712872982
0.2004038542509079
0.23534229397773743
-0.057662010192871094
-0.10846898704767227
0.07712354511022568
-0.05667408928275108
-0.32778605818748474
-0.3337532877922058
-0.39381155371665955
-0.2948629856109619
-0.26608240604400635
-0.03772899881005287
-0.054746486246585846
-0.26271432638168335
-0.1367761641740799
-0.19427908957004547
-0.06804054975509644
-0.3029891848564148
-0.4414310157299042
-0.10804462432861328
-0.46216142177581787
-0.3485509157180786
-0.01524889562278986
-0.10190614312887192
-0.13222983479499817
0.03866476193070412
-0.1933218091726303
0.04329037293791771
-0.1755855828523636
0.08009369671344757
-0.09099835902452469
-0.2554880678653717
-0.06636344641447067
-0.2767705023288727
0.06097181886434555
0.01677647791802883
-0.11940345913171768
-0.13604195415973663
0.0310230515897274
-0.17890223860740662
-0.10016395151615143
0.018570512533187866
-0.1557864397764206
0.22057968378067017
0.003175957128405571
-0.13769206404685974
0.21136994659900665
-0.11906693875789642
-0.17627909779548645
-0.14397892355918884
-0.01593397930264473
-0.2179391235113144
0.23887930810451508
-0.0158031415194273
-0.09972836822271347
-0.09609784185886383
0
10
