4
1
2
16
16
sigmoid
sigmoid
tanh
-1.4136700630187988
-3.0862882137298584
0.44603967666625977
1.8440256118774414
-0.8554542660713196
0.8218420743942261
-1.6633448600769043
-2.4611029624938965
2.8200197219848633
0.8847829103469849
0.4846482276916504
0.2837299108505249
1.9383412599563599
-0.9788477420806885
1.088977575302124
1.2734520435333252
2.1605031490325928
1.4852946996688843
-0.10515885055065155
-1.245711326599121
0.8823786377906799
1.6818684339523315
-2.234074592590332
-0.1420469731092453
0.7088319063186646
1.2442125082015991
-0.6255380511283875
2.636669158935547
2.450944423675537
-2.180264949798584
-1.6283166408538818
-3.447845220565796
-0.29035109281539917
2.2394096851348877
-0.8894227743148804
0.6316819190979004
-1.6030253171920776
1.115156888961792
-3.435983419418335
-1.3284180164337158
0.5995466709136963
1.2529754638671875
0.8059583902359009
-1.2501436471939087
0.41429492831230164
-0.051071152091026306
-2.2151007652282715
-0.5706247687339783
2.9304161071777344
-0.36302998661994934
0.17396068572998047
2.8853657245635986
-1.8614096641540527
-2.0779733657836914
1.046093463897705
1.130271553993225
5.154818058013916
2.704220771789551
0.2785148024559021
-0.5843557715415955
0.5842830538749695
0.25895804166793823
2.9299027919769287
2.4897873401641846
-2.3680713176727295
-0.249435156583786
-1.8398051261901855
-0.34263870120048523
2.2611119747161865
-0.6821379661560059
-1.5288251638412476
-1.8865867853164673
4.857597827911377
-1.3553954362869263
3.7827706336975098
0.8002906441688538
1.2000319957733154
-0.44950854778289795
-1.244372844696045
0.12026946991682053
-2.373833656311035
-2.6108083724975586
-0.9504483342170715
-0.5770012140274048
-0.23185811936855316
-1.189318060874939
-1.7985762357711792
-1.4625613689422607
-0.21784088015556335
-1.9536168575286865
0.02834254689514637
-0.4201981723308563
-0.9550255537033081
-1.5051411390304565
-1.4504907131195068
-0.19831475615501404
-0.7955310940742493
-0.09670744091272354
-0.604343056678772
-1.3020826578140259
-1.0562214851379395
-2.3807718753814697
-0.05737312510609627
-0.48072394728660583
-0.5396693348884583
-0.9614651203155518
-0.2812945246696472
-1.495062232017517
-1.4384464025497437
-0.7292810678482056
-0.08246523141860962
-0.732629120349884
-1.6732900142669678
-0.9177799224853516
0.26390960812568665
-1.0400807857513428
-2.270190715789795
-1.6707245111465454
-2.7454988956451416
0.13258714973926544
0.04541167616844177
-1.371179223060608
-1.88692307472229
-0.2507372498512268
-0.9506422877311707
-1.791336178779602
-1.917924165725708
0.00586054427549243
-0.15418559312820435
-2.2619457244873047
-0.6554678678512573
0.5027446150779724
0.1623544692993164
-1.339874029159546
-1.0003966093063354
-2.2572436332702637
0.10909079760313034
-0.031833942979574203
-0.10811998695135117
-1.560561180114746
0.54327392578125
-2.0815749168395996
-0.033975809812545776
-0.9716175198554993
0.39681369066238403
-0.27640777826309204
-1.2679187059402466
-0.5069175958633423
0.17817635834217072
-1.0711371898651123
-2.1487374305725098
-1.3823870420455933
-2.2653753757476807
-0.00949963927268982
-0.3280262351036072
-1.1432852745056152
-1.6732134819030762
-0.3231534957885742
-1.309922695159912
-1.726520299911499
-1.245935320854187
-0.3113948106765747
-0.4663698077201843
-1.905126929283142
-0.7434312701225281
-1.985841989517212
-1.129407525062561
-0.23205843567848206
0.18663212656974792
-0.0191560760140419
0.8621121644973755
-2.0159718990325928
0.6225428581237793
0.1116914376616478
-1.4807218313217163
0.040706269443035126
-0.13686993718147278
1.3071486949920654
-1.4351097345352173
-2.1826586723327637
0.11480331420898438
-0.507185697555542
0.16934260725975037
-0.6761731505393982
-2.554471015930176
-1.7826992273330688
-2.6892316341400146
0.0444771870970726
-0.1523420363664627
-1.459683895111084
-2.010313034057617
0.2670997679233551
-1.5954772233963013
-1.2056910991668701
-2.1543831825256348
0.6775204539299011
-0.4148751497268677
-2.051497459411621
-0.356933057308197
0.5680646300315857
-1.1895407438278198
-2.5453476905822754
-1.9022150039672852
-2.804278612136841
0.04224485903978348
0.03230873867869377
-1.5844190120697021
-1.5352755784988403
-0.5001235008239746
-0.8533461093902588
-1.9005932807922363
-1.839002251625061
0.2888772189617157
-0.0029852716252207756
-2.3849713802337646
-0.4690583050251007
-1.9923959970474243
-0.774348795413971
-0.06682531535625458
-0.06826911866664886
0.3185596764087677
0.9539167881011963
-2.220003128051758
0.7238008379936218
0.39882251620292664
-0.7469164729118347
-0.004375657998025417
-0.057464003562927246
1.8323218822479248
-0.6108314394950867
-1.8681046962738037
0.3004662096500397
-0.13632339239120483
0.07827823609113693
-0.7216668725013733
-2.4502012729644775
-1.5886741876602173
-2.8084609508514404
-0.1727111041545868
0.027403084561228752
-1.1390459537506104
-1.877687692642212
-0.37084081768989563
-1.0927497148513794
-1.1376171112060547
-1.2054294347763062
0.3909674882888794
-0.3411126136779785
-2.177863597869873
-0.3957841396331787
-2.434596300125122
-2.5209829807281494
-1.1896473169326782
-0.6462822556495667
-0.4669484794139862
-0.9487789273262024
-2.3162178993225098
-1.5960850715637207
-0.44665205478668213
-1.600107192993164
-0.34379374980926514
-0.1993456482887268
-0.5779567956924438
-1.6928695440292358
-1.6734168529510498
-0.6511792540550232
-0.9455454349517822
-2.33571457862854
-1.5473849773406982
-0.3728089928627014
0.12074033915996552
0.22401927411556244
1.0641217231750488
-2.0711798667907715
0.8391106724739075
0.12894262373447418
-1.4477438926696777
-0.3038998544216156
-0.36324524879455566
1.5653046369552612
-1.0872399806976318
-1.6696866750717163
0.16252081096172333
-0.5600456595420837
0.2246483862400055
-0.14882315695285797
-2.0700221061706543
-1.3818485736846924
-2.1353750228881836
0.018457897007465363
-0.11398088186979294
-0.7108473777770996
-1.6991877555847168
-0.08574744313955307
-1.9539839029312134
-0.42460766434669495
-1.2883453369140625
0.2791956961154938
-0.5819264650344849
-1.9318495988845825
-0.5130162835121155
-2.552577257156372
-0.7953960299491882
0.024273546412587166
-0.17880117893218994
0.050043847411870956
0.9918506741523743
-2.3876023292541504
1.1741918325424194
0.20936164259910583
-1.0594786405563354
0.2275584191083908
-0.4515156149864197
0.8999695777893066
-0.7981197834014893
-1.7600979804992676
0.07777251303195953
-0.5301656723022461
1.035727620124817
0.5258167386054993
-0.7062984108924866
-0.8764463067054749
-0.7141644954681396
-1.9196876287460327
1.239037275314331
-0.5107669830322266
-0.5581139326095581
0.46056970953941345
-0.4766330420970917
-1.6671465635299683
-0.911553144454956
0.7422209978103638
-0.09317988157272339
-1.0869559049606323
-0.029577407985925674
-2.138641119003296
-1.325838327407837
-0.25223344564437866
0.06392880529165268
0.025602193549275398
1.1924731731414795
-2.3128585815429688
0.4759518802165985
-0.14773952960968018
-1.6014777421951294
0.08158890157938004
-0.21780605614185333
1.1082401275634766
-1.490942358970642
-2.0552408695220947
-0.14709198474884033
-0.7653681635856628
-0.6578012704849243
0.6063727736473083
0.9974064826965332
1.3836116790771484
0.7446174621582031
-1.3170088529586792
1.5007479190826416
1.1725322008132935
-1.231868028640747
1.24105703830719
-0.5965768098831177
-0.9107910394668579
1.1680468320846558
-1.13319993019104
0.5326762199401855
-0.7590587735176086
-0.20938274264335632
0
10
