2
1
2
25
25
ReLU
ReLU
Affine
0.29191
-0.56258
-0.54187
-0.45675
-0.79988
-0.17852
-0.070921
-0.34355
-0.99255
-0.39339
-0.18459
0.052011
0.49882
-0.026112
0.39776
0.13821
0.0024075
-0.22466
0.69745
0.18383
0.56371
0.047561
-0.80332
-0.2945
-0.2996
-0.62744
0.018858
-0.81733
0.36774
-0.81056
0.4325
0.58509
0.095226
0.31446
0.29751
0.14662
0.27487
0.42499
0.060421
-0.16585
0.45494
-0.99064
-0.63037
-1.0053
0.021127
0.12856
-0.39063
-0.52512
-0.38532
-0.65858
0.57424
0.93395
0.20589
0.29979
0.53634
0.29129
-0.32891
0.90174
-0.16061
0.63507
-0.79485
0.51568
-0.56779
0.6326
-0.068672
0.0003788
-0.63566
-0.55545
0.63757
0.59161
0.66532
-0.79688
-0.85025
-0.48954
0.49153
-0.36766
0.87809
0.28694
0.29236
-0.018553
-0.37002
-0.30003
-0.3604
-0.1027
-0.46999
0.32084
-0.91899
-0.45612
-0.70305
-0.92327
0.2277
0.89346
0.88834
0.52654
0.37286
0.087517
-0.5542
0.8476
-0.6747
0.048018
0.21996
0.31733
0.77628
-0.16646
0.90039
0.54984
-0.60824
-0.78775
0.60751
-0.042084
0.74042
-0.077972
0.57365
-0.061144
-0.37496
-0.67516
-0.12053
-0.16567
-0.84808
0.82325
0.78323
-0.99863
-0.66598
0.64588
0.18559
0.10602
0.48432
0.84102
0.34026
-0.2064
0.087346
-0.70726
0.6667
-0.77388
0.8576
-0.25024
-0.58265
-0.084088
-0.45822
-0.93919
0.61409
0.84917
-0.023542
0.71274
-0.49285
-0.66362
0.20664
-0.44272
-0.918
-0.44716
0.51462
0.79979
0.037102
-0.82233
-0.68751
0.6433
-0.085161
0.5559
0.32837
-0.066277
0.053331
-0.031992
-0.44803
0.70984
-0.8344
-0.7337
0.24598
-0.66161
-0.77831
-0.97574
-0.68012
0.48933
-0.57937
0.62235
-0.29103
0.59356
0.7024
-0.50141
-0.48762
-0.43731
0.054461
0.039411
-0.089379
0.8337
0.32476
0.39846
-0.02176
0.18544
-0.99562
0.29563
0.89148
-0.23355
-0.61679
0.5813
-0.21786
0.31276
-0.11422
-0.24559
0.25029
-0.54291
-0.43299
0.44779
0.62918
-0.37311
0.30265
-0.60135
-0.64329
0.0005756
0.29923
0.74415
0.25852
0.47486
0.76736
0.51258
-0.67499
0.66844
0.84986
-0.68561
-0.45108
0.63417
0.64827
0.6945
-0.66819
0.045505
0.62724
-0.017535
-0.89183
-0.47095
-0.86605
-0.0074569
-0.95438
0.78637
-0.051326
0.23622
-0.79852
-0.1037
0.26786
0.010101
0.80928
-0.97852
-0.1837
-0.80725
-0.48126
-0.77087
-0.22168
-0.80619
0.89324
0.40737
0.10786
0.1151
0.58659
0.80013
0.22328
-0.68056
-0.9326
0.15962
-0.074336
-0.041353
0.075333
0.89354
0.079535
0.70731
0.69798
0.25371
0.64842
-0.18328
0.58154
-0.20666
-0.32809
0.52259
0.48525
0.106
0.28421
0.87049
-0.049991
-0.81801
0.70264
0.88081
-0.78919
-0.5997
0.44776
0.24849
-0.22766
0.22809
-0.80786
0.75762
-0.60849
-0.43087
-0.35909
-0.013683
0.19214
0.71063
-0.91103
-0.82159
0.52337
0.62102
0.44101
0.83764
-0.084603
0.4429
-0.48146
0.48185
-0.73014
-0.85799
-0.26589
-0.10986
0.76643
-0.87348
-0.53926
-0.12992
0.78736
-0.92057
-0.75359
0.31506
-0.9964
0.079117
0.7123
-0.19163
-0.025479
0.37314
-0.7595
0.35593
0.26595
0.3993
-0.86218
-0.70059
-0.94277
0.77363
-0.54106
-0.3048
0.91801
-0.7752
0.22485
0.8411
0.29567
0.80427
-0.40894
-0.50522
-0.47745
0.51256
-0.54961
-0.83637
-0.8055
0.24592
-0.27538
0.18223
-0.68571
-0.55614
-0.56284
0.76061
0.0018769
-0.88564
-0.044401
-0.59378
0.75636
-0.78392
0.23561
0.90592
0.67786
0.67539
-0.10105
-0.98765
-0.21209
0.95437
0.0003561
0.64324
-0.46354
0.49294
-0.97149
-0.46679
0.67669
-0.57924
0.18286
-0.87655
-0.92934
-0.94289
0.18781
-0.89861
0.82881
0.61884
-0.72575
0.31705
-0.45314
0.20127
-0.68526
0.95302
0.59573
0.40549
0.40974
-0.9226
0.080932
-0.91798
-0.097449
0.64317
-0.68975
0.12606
0.20656
0.30497
-0.6171
0.43723
-0.11685
-0.69693
0.49983
1.0811
0.39257
0.70588
-0.17694
0.5697
-0.3885
-0.39502
0.62047
0.314
-0.31405
0.15293
-0.80531
-0.94325
-0.89894
-0.34467
-0.35629
-0.25257
-0.59801
-0.67053
-0.064402
-0.41584
0.61189
0.026628
0.757
0.86578
-0.72297
-0.54381
-0.95358
-0.57483
0.2736
0.97073
0.25293
-0.44776
0.28578
0.87717
-0.22415
-0.018516
0.13224
0.49771
-0.17456
-0.95952
-0.85001
-0.036942
-0.7357
0.436
0.66133
-0.89316
-0.56945
-0.56999
0.44177
-0.77051
-0.72907
0.15215
-0.53495
0.29518
-0.35659
0.044196
-0.66375
-0.92013
0.37378
-0.78701
0.12788
0.57263
0.58574
-0.94105
-0.34273
-0.62326
-0.42602
-0.59618
0.17884
-0.99158
0.36064
-0.83612
0.85372
0.48331
0.28545
-0.14409
0.37865
0.87604
-0.65299
-0.48387
-0.3968
0.51695
-0.042358
-0.6483
-0.98167
-0.13295
0.22807
0.9444
-0.84723
0.3499
-0.85981
-0.91609
0.74275
-0.82716
0.60418
-0.45072
-0.66854
0.28773
0.43621
-0.22272
-0.33841
0.33302
0.25063
-0.62764
0.9419
-0.31305
0.026603
-0.54943
-0.32144
0.67644
-0.009102
-0.59149
-0.30494
0.46728
0.50315
0.41749
-0.72012
0.54141
-0.28576
-0.9529
0.44106
-0.79036
-0.73404
-0.20933
-0.11214
0.98274
-0.81632
-0.25178
-0.50899
0.72395
-0.59609
-0.76173
0.13544
0.61125
-0.59361
-0.061125
-0.4214
0.59108
-0.56964
-0.0038234
-0.67194
-0.17786
0.27652
0.0013212
-0.2036
-0.87172
0.47674
-0.28213
-0.79394
-0.87115
0.4989
0.019755
-0.31987
0.59179
0.18414
-0.091639
0.54845
0.88387
0.91119
-0.18786
-0.98603
-0.16771
-0.66754
-0.59766
-0.86352
0.72703
0.92795
-0.58954
-0.28699
0.24448
-0.11772
0.36308
-0.80998
0.84043
0.96333
0.92119
0.44963
0.52485
0.31467
0.92938
0.82025
0.41756
0.94854
-0.80124
-0.39428
-0.86628
-0.77316
0.40971
-0.62871
0.35382
-0.60042
0.093382
0.36629
-0.31974
0.57164
-0.032332
-0.40555
-0.72593
0.59806
-0.043751
0.0041433
0.47709
-0.30701
0.1114
-0.70239
-0.92415
-0.21536
0.00054434
-0.56813
-0.61992
-0.88687
0.091149
0.37297
0.57472
-0.84925
-0.55116
-0.83366
0.26577
1.0234
-0.46104
-0.86584
0.47456
-0.03802
0.10597
0.14629
-0.21681
-0.78481
0.13469
0.81279
0.61764
0.94563
-0.36603
0.41432
-0.30454
-0.34275
-0.10669
-0.86931
-0.89334
1.0157
0.70609
-0.52898
-0.39393
0.35287
-0.37858
0.5616
-0.15865
-0.60829
0.96671
-0.55534
0.91113
0.13387
0.024647
0.060513
0.2848
0.41273
0.46774
0.7398
0.50373
0.75018
-0.24346
0.34614
-0.60638
0.2013
0.60692
0.21453
-0.82073
0.1812
-0.57584
-0.6221
-0.38382
-1.0191
-0.17995
0.63661
0.57033
-0.32816
-0.070578
0.82183
-0.76998
0.75237
-0.40017
0.35625
0.3336
-0.86906
-0.19396
0.059995
0.904
-0.79402
-0.21976
-0.062613
-0.83484
-0.045135
0.14481
0.53538
0.65708
-0.25054
0.10638
0.15355
0.58589
0.88902
-0.0036515
0.52925
-0.72512
-0.86164
0.6322
0.16754
-0.54974
-0.4312
0.053606
-0.37123
0.30024
0.75163
-0.029063
-0.16326
0.79994
0.19593
0.69179
0.78472
0.12505
0.96187
-0.85435
0.51464
0.21153
-0.37287
-0.025261
-0.86541
-0.48574
0.08956
-0.29369
0.68777
-0.44556
0.7354
0.35359
-0.0095044
-0.1043
0.14892
0.55923
0.078445
-0.53056
0.25223
0.072332
-0.20751
0.82552
0.37504
-0.16946
-0.066344
-0.032684
0.0070783
0
1
