2
1
2
25
25
ReLU
ReLU
Affine
0.93348
0.31868
0.19704
-0.13294
0.72977
0.58657
-1.3814
-0.10185
1.2577
1.3093
-1.2216
-0.95676
1.793
-0.13617
0.46001
-1.0716
0.25006
-0.68937
-0.18189
-0.98829
-1.3434
-1.4137
-0.47572
-1.0386
-0.49629
0.23648
0.60278
-0.10683
0.046636
-0.72194
1.4752
-0.26302
0.39596
0.6411
-0.48817
-0.35934
0.84883
0.66876
-0.87302
-0.79429
0.41791
0.36616
0.15944
0.43669
0.10909
0.67482
0.68678
0.087417
0.078182
0.57976
-0.99559
1.7755
-0.22362
0.92154
0.35612
-0.84448
0.60765
-0.4671
0.23943
-0.23106
0.088676
-0.65554
-0.46995
-0.18471
0.020388
0.11723
-0.010165
-0.072055
-0.74079
0.47523
0.46289
-0.45698
-1.9203
0.20403
0.56197
0.945
0.34051
0.72373
0.57943
-0.70738
-0.23152
-0.20391
-0.058115
-0.47837
0.72435
-1.4182
-0.98148
0.15418
-0.39713
-0.12848
-0.60468
0.21025
-0.42692
-0.76182
-0.31028
0.56617
0.38173
-0.53964
-0.27218
0.2749
0.69473
-0.44479
-0.94811
0.074166
-0.52181
-0.22649
0.66231
-0.32137
0.020079
0.96664
0.96521
0.49635
0.87287
-0.17107
-0.56875
-0.50368
0.12498
-0.59321
0.57263
-0.69017
-0.21871
-0.90203
0.53298
0.5969
0.18616
-0.78336
-0.69884
-0.12017
-0.71601
0.89132
-0.29956
-0.82333
0.88911
0.29787
0.30171
0.20828
-0.35719
-0.55754
-0.61
-0.97604
-0.88008
0.62686
0.55208
0.46418
-0.81682
-0.68045
0.83894
0.82844
-0.60692
-0.96625
-0.9675
-1.1126
-0.74571
-0.49744
0.081419
1.4289
-0.99757
-1.4124
-0.88632
0.14943
-0.15133
0.73067
0.26738
-0.94279
0.0094512
0.27355
0.49186
-0.65457
0.18747
0.84922
-1.3035
0.82589
0.36133
-0.91269
0.3939
0.9775
0.14544
0.14977
-0.16597
0.47222
0.29955
0.53277
0.56817
-0.67264
-0.57083
0.16889
-0.75592
0.71064
0.6589
0.96806
0.53137
0.76379
-0.91692
-0.43642
-0.73016
0.89549
-0.62211
-0.40754
-0.60437
-0.66332
0.75496
0.79862
0.64901
1.0975
0.5151
-0.59938
-0.60139
0.59642
1.0819
0.5722
0.90027
0.35306
-0.63391
0.043349
0.25187
-0.44657
0.22333
0.52356
-0.92163
0.073452
-0.59583
-0.56015
-0.34821
0.36005
0.7935
1.0291
-0.13648
0.36282
0.35364
-0.49302
-0.12595
-0.93596
-0.35132
0.68592
0.7136
0.39071
0.4678
-0.7816
-0.57828
0.70825
-0.20783
-0.24828
0.13665
-0.16253
0.26351
0.23379
0.61163
0.5524
-0.047914
-0.39512
-0.80225
-0.34194
-0.13126
0.42317
0.61845
0.80602
0.0087156
0.38366
-0.24882
-0.079621
-0.02095
-0.13182
0.84906
-0.45901
-0.67865
0.18068
-0.96333
-0.72867
0.10253
-0.00088704
-0.66667
0.4806
-0.72811
-0.41159
-0.74764
-0.32813
-0.21669
0.95288
-0.90323
0.043672
-0.17847
-0.34954
-0.81605
-0.46451
-0.47405
0.011938
1.2577
0.20874
-0.823
-0.85434
-0.17796
-0.49628
-0.18384
-0.20383
-0.86079
0.26954
1.152
0.55562
-0.95122
0.61203
-0.97497
0.1028
0.74557
-0.52479
0.74858
0.57601
-0.80121
0.49179
0.69811
1.0199
-0.15219
-0.07713
-0.34742
0.11502
0.57009
-0.79748
-0.14126
0.21737
0.61919
-0.81779
0.75686
-0.73619
0.45169
-0.337
0.10567
0.83628
-0.20959
0.31732
-0.99577
0.0016461
0.82256
0.89635
0.92532
1.2857
0.23999
-0.26173
-0.76741
0.52501
-0.95528
-0.34773
0.20145
-0.90783
0.24846
-0.73726
-0.42847
0.53288
0.94141
0.2809
0.94889
-0.68835
-0.47558
-0.51838
-0.3398
-0.14745
-0.93894
-0.57482
0.086814
-0.43894
-0.18136
-0.68591
0.21175
0.84725
0.8186
-0.63093
-0.71104
0.70709
0.092229
0.27297
0.1943
-0.68036
-0.96506
-0.81305
0.50305
0.45699
0.12157
-0.64712
-0.24584
0.87505
-0.46575
-0.029111
0.32742
-0.83574
0.7352
-0.98027
0.35054
0.049577
-0.43024
0.77181
-0.12086
-0.8223
-0.33806
0.44856
-0.11611
-0.3164
-0.46338
0.16598
0.63792
-0.15774
0.51108
-0.90706
-0.70114
-0.86069
0.5459
0.86282
1.131
0.52168
0.5545
0.74384
-0.10981
-0.10645
-0.17361
-0.63769
0.30997
-0.35749
-0.61496
-0.66408
0.61268
-0.65451
-0.53655
-0.39946
-0.84307
0.66165
0.92218
0.71697
0.22415
-0.60396
-0.22499
0.30011
-0.42782
0.11259
-0.95627
-0.31646
-0.11028
-0.22622
-0.31021
-0.5788
-0.73651
0.72556
0.057295
0.67303
0.2178
-0.39522
-0.84045
-0.45891
-0.5014
0.84116
-0.42164
-0.21983
0.78315
0.19957
0.44289
-0.26074
-0.49331
-0.5062
0.19611
-0.26614
-0.85597
0.52334
-0.83737
-0.55251
-0.8092
-0.13912
-0.16073
0.0032541
-0.11577
0.025763
-0.030731
-0.91495
-0.97641
-0.54231
-0.35772
0.55707
0.54396
0.71324
-0.47256
-0.50873
0.29303
0.76954
0.88615
-0.28811
0.15113
-0.98814
0.42514
-0.61335
0.74871
-0.44765
-0.80428
-0.89717
0.15904
-0.64606
-0.54562
-1.0883
-0.21152
0.44721
1.0991
-0.25026
0.48619
-0.70817
-0.99946
0.464
-0.87033
0.44533
0.89869
-0.20258
-0.78588
-0.25925
-0.71132
-0.39135
-0.017179
0.74416
0.90625
0.25925
0.44511
-0.10666
-0.84168
-0.039417
0.19663
0.36361
-0.95538
0.088454
-0.49884
0.83232
1.0883
0.94312
1.2778
-0.84285
0.65468
-0.7475
-0.60458
-0.88784
1.3243
0.43392
-0.98042
-0.55915
-0.086473
-0.26319
0.93371
-0.27317
-0.55188
0.97129
-0.43068
-0.28323
0.78864
0.51003
-1.042
0.32735
-0.68782
0.22578
0.10079
-0.64245
-0.64747
-0.0073789
0.93026
-0.22704
-0.099414
-0.21251
-0.177
-0.17832
0.77098
-0.86488
-0.69748
-0.46908
-0.48714
-0.65469
-0.30546
-0.71314
0.93165
0.50914
0.62205
0.45664
0.44515
0.6831
0.57427
0.8776
0.95192
-0.11406
1.4722
0.9107
0.36542
0.67065
-0.044587
-0.049134
-0.58308
0.9559
-0.11265
0.053678
0.074691
-0.10001
-0.21256
-0.089823
-0.58071
-0.76818
-0.41417
0.13161
-0.047131
0.49907
0.60721
-0.85631
-1.4499
1.1636
-0.31282
0.62606
0.23071
-0.55032
0.73101
0.36937
-0.74364
-0.36313
0.079746
-0.24294
0.22728
-0.71326
1.1717
-0.47628
0.51763
0.28662
-0.11446
-0.32086
0.63138
-1.7554
-0.029175
-0.21952
-0.20916
-0.16295
0.93925
-0.98419
0.38506
-0.69351
-0.25338
-0.7498
0.54025
-0.14936
-0.58089
0.95721
-0.99637
-0.61137
0.038254
-0.2423
0.18475
0.53003
-0.73925
0.085135
-0.92775
0.86679
-0.51509
-0.90164
0.36998
-0.0091496
-0.77081
-0.81091
-0.57805
-0.82423
-0.98777
-0.43797
-0.28078
0.35566
0.38143
-0.24726
0.86919
0.89021
-0.52461
0.53459
0.66299
-0.035308
-0.84522
-0.082066
0.18841
-0.88399
-0.47506
-0.43991
-0.7086
-0.94656
-0.92963
0.53474
-0.81497
0.67672
0.26613
-0.47339
0.057893
0.77703
-0.54386
-0.74772
0.47985
-0.33344
-0.79693
0.60976
0.35399
0.0085017
-0.76242
0.43491
-0.26367
0.74232
0.82245
0.17402
0.13954
0.46539
0.94571
-0.26913
0.61044
-0.88982
-1.1422
0.098096
-0.10236
0.044969
0.95266
0.15127
-0.54334
-0.014736
0.039877
-0.09268
0.58539
-0.89756
0.11468
-0.36892
0.83995
0.86593
0.33659
-0.30606
0.35849
-0.83968
0.7828
0.54235
-0.59128
-0.87604
0.34352
0.7302
-0.20413
-0.40864
-2.3515
-0.96628
-0.12671
-0.59329
-0.95914
-0.78037
-0.65359
-0.99318
0.56898
1.0386
0.17922
0.36455
-0.20491
-1.1749
1.1248
0.81447
0.85741
-1.7573
-0.31286
-0.73356
0.4375
-0.22262
0.52778
0
1
