1.3954998254776
1.1884021759033203
0.05425454303622246
0.43596193194389343
0.23924148082733154
-0.05402257665991783
0.3730722665786743
-0.6484834551811218
0.008855045773088932
0.7611042261123657
-0.4799468517303467
0.008146604523062706
-1.6139156855388137e-07
0.7223745584487915
-0.008793716318905354
-0.34759941697120667
0.9584389925003052
0.0
-0.8002837300300598
1.2939324378967285
0.0
0.2909143269062042
-1.1091886758804321
-0.01612509787082672
-1.2545819282531738
0.8337415456771851
0.0
0.16124054789543152
1.096789002418518
0.11128469556570053
0.10003206878900528
0.6371309757232666
-0.04856020212173462
-0.5995320081710815
0.0825631320476532
0.0
0.4942794442176819
-1.1854997873306274
-0.01600014418363571
0.9726570844650269
-0.5501108765602112
0.01733621209859848
-1.1541922092437744
-0.5565818548202515
-0.14838294684886932
0.4259231388568878
-0.8667494654655457
0.07336129248142242
-0.7766743898391724
0.6319674253463745
0.0
1.2081021070480347
1.0136770009994507
-0.04000231996178627
0.19282610714435577
-0.4007095992565155
-0.047386836260557175
0.9325072169303894
0.5981502532958984
-0.05460386350750923
-0.8298315405845642
-0.7147349715232849
-0.3640121519565582
-0.8304575681686401
-0.45636826753616333
1.4042329788208008
-0.572881281375885
0.7429529428482056
0.13682198524475098
-0.4305528998374939
-0.9733425974845886
6.529536676680436e-06
0.4454219341278076
-0.4104248285293579
0.9102066159248352
-0.6759629845619202
0.6441049575805664
-1.3531092405319214
-0.8550963997840881
-1.3677983283996582
-0.10768279433250427
0.5605106353759766
-1.182431936264038
-1.3614424467086792
-0.6594868302345276
1.1359268426895142
-0.37088894844055176
1.353569746017456
0.7362064123153687
1.5940242519718595e-05
-0.2667469382286072
-1.2915644645690918
1.1831436157226562
-0.09640699625015259
0.1099986657500267
-0.9426217675209045
-0.8936853408813477
-0.7251086235046387
-0.8556811213493347
-0.01832185499370098
-1.252249002456665
0.0
-0.000154343550093472
-0.7281445264816284
-1.0818915367126465
0.8148830533027649
1.0577865839004517
-0.001043547410517931
-1.0990458726882935
1.1089774370193481
-0.722550630569458
-1.135019302368164
1.3148655891418457
1.0163178443908691
-0.44591909646987915
-0.9955233931541443
-0.4631480276584625
-0.755557656288147
-0.6763299107551575
-1.020738959312439
-1.2337456941604614
0.5936320424079895
0.0
-1.0897979736328125
0.28898340463638306
-0.5097103714942932
-1.191809058189392
-0.08912041038274765
0.5668425559997559
1.0881011486053467
-0.459603488445282
0.6478650569915771
-0.04725152254104614
-1.0612537860870361
-0.90621018409729
1.4264477491378784
-0.38043081760406494
-1.1677829027175903
0.20971430838108063
-0.005893125664442778
0.5779109001159668
1.191381573677063
1.2966182231903076
-0.011013251729309559
0.9754781126976013
0.7814438939094543
-0.24155956506729126
0.17182432115077972
-1.1423139572143555
0.33051440119743347
0.7178057432174683
0.738122820854187
1.131869912147522
0.20958250761032104
-0.21700865030288696
0.017805304378271103
0.6375046372413635
-0.5451993346214294
1.027951955795288
1.1383568048477173
-0.10872214287519455
-0.06546562165021896
-0.17929725348949432
0.9193124771118164
-0.011543345637619495
-0.3561627268791199
0.1654382050037384
0.05493764579296112
-0.008598349057137966
1.2282640933990479
0.8840265274047852
-0.6350424885749817
0.36399373412132263
-1.7507960365037434e-05
1.3107789754867554
1.0550495386123657
0.2618624269962311
-0.11083092540502548
-0.14622792601585388
0.6881080865859985
-0.7755470871925354
-1.1788973808288574
-0.4927673935890198
0.4032050669193268
0.5808773636817932
0.0012860253918915987
0.7679687738418579
-1.0074355602264404
1.0070743560791016
0.17337022721767426
-0.08737942576408386
-1.2267355918884277
-1.0027872323989868
0.2770322263240814
-0.0694984644651413
-0.09678567200899124
0.7488653063774109
0.7448073625564575
-0.5741842985153198
0.9508973360061646
-0.3313271105289459
-0.1489918977022171
-0.1514824777841568
0.031075013801455498
0.8207539916038513
1.254852294921875
-0.008086416870355606
0.9002504348754883
0.00942391436547041
-0.6238545775413513
0.4493911862373352
-1.2441655397415161
-0.5240736603736877
0.49753642082214355
0.10222439467906952
5.049660103395581e-06
0.11256754398345947
-0.16548271477222443
-0.3822542428970337
-0.5443204045295715
-1.2259912490844727
0.2266947329044342
0.17716431617736816
1.0097986459732056
0.14803172647953033
-0.22332346439361572
-0.7415371537208557
0.3919294476509094
0.5531864166259766
0.07811230421066284
-0.785886824131012
0.5562962889671326
-0.7410924434661865
0.1486371010541916
0.172234445810318
1.022220253944397
-1.0657716989517212
-1.0258070230484009
0.9649867415428162
-0.4013429582118988
1.1312484741210938
0.30078503489494324
-1.137841820716858
-0.5493454933166504
0.012356629595160484
0.45027869939804077
-0.7316296100616455
0.5816386938095093
-0.02305266633629799
-0.7794479131698608
-0.34573984146118164
-0.23565569519996643
0.6388826370239258
-0.6388534903526306
-0.15952342748641968
-0.2583138644695282
-1.4046530723571777
-1.3858366012573242
-0.9957346320152283
-0.9884979724884033
0.49515989422798157
0.36299610137939453
-0.5331569314002991
-0.24655774235725403
-0.9117089509963989
-0.26945385336875916
0.3545604944229126
0.5478106141090393
0.14945226907730103
0.0
1.3374940156936646
0.25407475233078003
0.8635455369949341
-1.4088069200515747
1.1163250207901
0.4993467628955841
1.2930079698562622
2.210841739724856e-05
-1.2036395072937012
-1.3112126588821411
0.33153393864631653
0.5329331159591675
-1.1782279014587402
0.7737047672271729
0.36278989911079407
-0.1701778918504715
-0.7480760216712952
-1.0992177724838257
1.2242246866226196
-0.435843288898468
0.042854517698287964
0.22579379379749298
1.3341352939605713
-0.6237049102783203
-0.10350976139307022
0.49735045433044434
0.10586893558502197
-0.6610463261604309
0.3569495379924774
0.3189687132835388
0.2865198850631714
1.011115550994873
-0.18161818385124207
1.3182488679885864
-0.6470641493797302
1.064693808555603
-1.2062256336212158
-0.15894322097301483
1.3203495740890503
0.40294575691223145
0.18258728086948395
-0.020443757995963097
0.9749953746795654
0.23161448538303375
-1.188512921333313
0.19369463622570038
-0.03233695402741432
-0.13472723960876465
0.7031313180923462
-0.1739042103290558
0.5162995457649231
-0.9866400361061096
1.0840703248977661
-1.1575522422790527
1.2710169553756714
1.357086420059204
-0.12773987650871277
-0.24767138063907623
-0.8602169156074524
1.3549689054489136
0.8529108762741089
-0.9310698509216309
0.00731326499953866
0.8520337343215942
0.18595191836357117
-0.6195895671844482
0.3628072440624237
0.9260057210922241
-0.9491845369338989
1.2796289920806885
-1.04408597946167
0.44689786434173584
-0.6225367784500122
0.11126267910003662
0.36707496643066406
-0.982758641242981
-0.0007606635335832834
-0.5585327744483948
-0.00017279454914387316
1.1280481815338135
-0.48496195673942566
-1.3488909006118774
2.4308748834300786e-05
-0.04320010915398598
0.49221566319465637
1.2406622171401978
0.9444716572761536
0.4105890989303589
1.3947691917419434
-1.1331787109375
-0.9706780314445496
-0.643293559551239
0.04042679816484451
0.8970890641212463
1.1646519899368286
1.1455379724502563
-0.578941822052002
-0.09396189451217651
-0.451845645904541
0.2776899039745331
0.8446900248527527
-0.009365786798298359
0.6805291175842285
-1.0410972833633423
-0.0009035613038577139
-1.490685224533081
-0.009549880400300026
-0.7291499376296997
0.5587490797042847
-1.1389058828353882
-0.04637200012803078
0.007425323594361544
-0.6087366342544556
-0.7709696888923645
0.3026849627494812
-0.9615586996078491
-1.2697734832763672
-1.3576288223266602
0.22303330898284912
-0.5510303974151611
-0.2315758466720581
1.3845270872116089
1.373428225517273
0.9014286994934082
1.3177380561828613
-0.045367129147052765
-1.0100501775741577
-0.4923388957977295
1.5877537727355957
0.6596426367759705
-0.21718652546405792
-0.7609132528305054
1.042799472808838
-1.1355278491973877
-0.6026880145072937
-0.7738800048828125
0.900090217590332
1.1774942874908447
-0.7402262687683105
1.2776328325271606
-0.3862866759300232
-0.8840274214744568
0.19990845024585724
1.0336817502975464
0.10442815721035004
0.756824254989624
0.03259630128741264
-0.1631028652191162
-0.4949035942554474
-0.7350485920906067
-1.1633520126342773
0.03334112465381622
-0.982276201248169
1.0566853284835815
0.6625107526779175
0.8975903987884521
-1.2620879411697388
-1.2190158367156982
0.7188550233840942
0.38533255457878113
-1.3223989009857178
0.6036649942398071
-0.686000645160675
-0.5094329714775085
-0.1104387491941452
1.297956109046936
0.011303719133138657
0.0
-0.20287148654460907
0.11522558331489563
0.8858444690704346
1.0704782009124756
-0.04821532592177391
-0.3967033922672272
1.1431297063827515
0.00012518044968601316
0.0809725895524025
-1.1288831233978271
-1.4028124809265137
1.1722841262817383
-0.7069743275642395
-1.1910030841827393
0.2978079617023468
-0.9018867611885071
-0.6611835360527039
0.7715700268745422
1.3793407678604126
-0.15060795843601227
0.0
-1.2955856323242188
0.18089470267295837
0.05436643585562706
-0.5189595818519592
0.15403151512145996
-0.9061087369918823
0.6433543562889099
-1.2910948991775513
-0.47230497002601624
1.201525330543518
-0.1852637380361557
-0.6871523857116699
-1.0837557315826416
-0.6093283891677856
-0.2905960977077484
1.4119635820388794
-0.39485833048820496
-1.0633533000946045
-1.3347777128219604
0.4073587954044342
-0.17269183695316315
0.8915281891822815
-1.253725528717041
0.3832015097141266
0.4102342128753662
0.059300605207681656
-1.1180232763290405
0.945781409740448
-1.4063572883605957
0.006331162992864847
-0.39463895559310913
-0.4982430934906006
0.5698081254959106
-0.7529712915420532
-0.8554558753967285
-0.533052384853363
-0.7075144648551941
-0.9377599358558655
-0.6051862835884094
-0.856101393699646
0.9025957584381104
-0.007318632211536169
