0.4668349623680115
-0.13082997500896454
0.04341407120227814
-0.11977376788854599
0.011975924484431744
0.12285791337490082
0.5480045676231384
-0.15676847100257874
-0.03384244814515114
0.02832365408539772
-0.6798288822174072
0.21338745951652527
0.515552818775177
-0.13864052295684814
0.09347957372665405
0.4270212948322296
0.5064635276794434
-0.07321741431951523
-0.2647503614425659
0.05655001848936081
0.0
0.2027829885482788
-0.4263506531715393
0.08812011033296585
0.6937940716743469
0.4501412808895111
-0.036991748958826065
0.09735362976789474
-0.661723792552948
-0.0015200487105175853
-0.4578491449356079
0.005076067987829447
0.0
4.411218800348637e-22
0.052236463874578476
-0.027529893442988396
-0.3824846148490906
1.6981973161023234e-08
0.0
0.5841662287712097
0.3773278594017029
-0.06629779934883118
-0.03435314819216728
0.18289315700531006
0.0
0.15797924995422363
0.5609105229377747
-0.03169837221503258
0.548877477645874
0.008145342580974102
-0.17392554879188538
0.08462332934141159
-0.6085537075996399
0.016364410519599915
0.18229208886623383
0.0011590790236368775
-0.06359981000423431
-0.2655237913131714
0.0014126822352409363
0.0
0.03501642867922783
-0.3711419403553009
0.017990173771977425
0.0431104339659214
-0.003114200895652175
0.08099440485239029
-0.13498371839523315
-0.19668519496917725
-0.022383347153663635
-0.025497084483504295
0.002043747343122959
0.0
-0.183641254901886
0.5576651692390442
0.0
0.5014039874076843
-0.43936145305633545
0.6776403188705444
0.9612236022949219
0.027385378256440163
-0.37423649430274963
0.13746380805969238
-0.1677902787923813
-0.048057496547698975
-0.6046344041824341
4.892125940458847e-11
-0.07417391240596771
-2.598715533342515e-28
-0.5840047001838684
0.1096794456243515
-0.05400599166750908
-0.7131443023681641
-0.19039660692214966
0.020758382976055145
0.005075820721685886
-0.7911518216133118
0.01195044256746769
0.2724360525608063
3.2161294460930634e-11
-1.2850429287902482e-22
0.06492507457733154
0.9407957196235657
-0.3458903133869171
-0.1295783668756485
-0.7887039184570312
-0.21634478867053986
0.6283484101295471
-0.20421864092350006
1.3999991416931152
-0.010290623642504215
1.1536520719528198
-0.392882764339447
0.16458344459533691
0.048287734389305115
-0.6575433611869812
-0.28657302260398865
0.17159749567508698
-1.1727460622787476
0.30656594038009644
-0.37562084197998047
0.07258682698011398
1.1553659439086914
0.0390457883477211
0.6141829490661621
2.250929886926656e-09
-0.04472877457737923
0.035196453332901
-0.8725547790527344
0.6036216616630554
1.1473422050476074
0.525994062423706
-0.42020273208618164
0.07043322175741196
-1.0602185007584479e-16
-0.120087631046772
-0.8100994825363159
-0.683003842830658
0.00017064387793652713
0.5879959464073181
-0.007299039978533983
-0.5471193194389343
0.3545430600643158
-0.5216295719146729
1.2318147420883179
0.3750428557395935
0.7353804707527161
0.16405899822711945
-0.45101848244667053
0.528062105178833
0.5023183226585388
-0.08507376909255981
-0.5166230797767639
-0.03147539123892784
-0.21787087619304657
-0.20087936520576477
-0.379133403301239
-0.41612669825553894
2.332418036488093e-09
3.5151285828760592e-06
-0.032799962908029556
8.083998750407773e-07
-0.14452722668647766
-0.19818127155303955
-1.2248182777813228e-24
0.32898005843162537
0.0262837465852499
0.0010989360744133592
0.015539898537099361
-0.0002811707672663033
-0.4510524570941925
-0.6737593412399292
8.515225921130456e-25
-0.20572100579738617
-0.09864454716444016
8.667461284696138e-25
0.11557058244943619
-0.13368509709835052
0.03745148330926895
0.0
0.22481723129749298
-0.17621831595897675
0.8070782423019409
1.1964370012283325
-0.1921624392271042
-0.5715448260307312
0.3077147901058197
0.68731689453125
-0.2625393569469452
-0.8390006422996521
-0.11785190552473068
0.6524602174758911
0.0929795652627945
-0.1196051836013794
0.014091616496443748
-0.0018585624638944864
-0.7677186727523804
-0.37389075756073
-0.21983709931373596
0.39489805698394775
-0.26144272089004517
0.013377854600548744
0.24912531673908234
-0.08553420007228851
-0.4527493417263031
0.00503886491060257
-0.30203977227211
0.10366036742925644
-0.008152551017701626
-0.0010654120706021786
0.14687930047512054
0.00020393524027895182
-0.5573180913925171
-0.042334623634815216
-0.026411468163132668
0.013952508568763733
0.23113876581192017
0.32800737023353577
0.0001703957241261378
-8.383698877878487e-05
0.15943562984466553
-0.00011265413195360452
0.03579830378293991
0.009814121760427952
-0.6123888492584229
0.4396834969520569
0.004153248853981495
0.3706584572792053
0.02502361126244068
-0.35385894775390625
6.813210120526492e-07
0.2331806719303131
-0.9489492177963257
-0.000151690561324358
-1.3155405521392822
-0.25753191113471985
0.3920041024684906
0.12160072475671768
0.37674885988235474
-0.7984282374382019
0.8848899006843567
0.018821142613887787
-2.2471316717612396e-25
-0.26396089792251587
-3.1498395856033312e-06
0.5034595727920532
8.037532359599403e-22
-0.5610496401786804
0.8649501800537109
0.08284099400043488
0.6246045827865601
0.02482161484658718
-0.26942935585975647
-0.010627524927258492
-0.48428425192832947
-9.759612294146791e-05
0.20574185252189636
-0.11886247247457504
-0.286955326795578
-0.04519977793097496
-0.5150617361068726
-0.12714220583438873
-0.26640966534614563
-0.8757883906364441
0.13651224970817566
-0.64897620677948
0.36523041129112244
1.320723295211792
0.4112847149372101
0.13331466913223267
1.8970274595631054e-06
0.8736095428466797
0.10972671955823898
0.4238475561141968
0.5452393293380737
1.008406639099121
-0.2726241946220398
5.656235825478315e-20
0.8109909892082214
-0.049306318163871765
-0.2178327590227127
-0.3840848207473755
-0.4452219605445862
0.0024541644379496574
0.24783296883106232
-0.6428425908088684
-1.165105938911438
-0.7500961422920227
0.23537100851535797
-0.20535224676132202
-0.16049571335315704
1.111924409866333
-0.1006138026714325
0.9080585837364197
0.17097504436969757
0.5700641870498657
-0.5543054342269897
0.08852729201316833
0.25802773237228394
-0.032185591757297516
0.3620603680610657
-0.12454037368297577
0.42487597465515137
-0.4819105267524719
-0.7365301251411438
-0.32824838161468506
0.19815970957279205
0.05935066565871239
0.05002082884311676
0.028649361804127693
-0.6719212532043457
0.40572965145111084
0.3309810757637024
0.702944278717041
-0.11392524838447571
-1.4819604210458692e-08
-0.6526803374290466
-0.7956150770187378
-0.3920605480670929
-0.3667590916156769
-0.03763422742486
-5.716139276046306e-05
-4.494116472532534e-16
0.03284230828285217
0.013998780399560928
0.08487149327993393
-0.5817386507987976
0.3209133744239807
0.1370072364807129
0.0008097734535112977
0.13616853952407837
-0.5447613000869751
-0.3802906274795532
-0.5826554894447327
-0.11738492548465729
0.04194486513733864
0.8145151734352112
0.03610755130648613
0.04164738208055496
0.43828412890434265
0.9905447363853455
-0.0027465475723147392
-0.23293723165988922
-0.2673855423927307
-0.6010238528251648
0.7361854314804077
-0.05069414898753166
0.5628001689910889
2.769318887529387e-24
-0.6157571077346802
0.6500312685966492
-0.07288197427988052
-0.6229231357574463
-0.8808042407035828
-0.6798183917999268
-0.00942878145724535
0.5599352121353149
-0.35274258255958557
-0.1974542886018753
0.45745372772216797
0.454850971698761
0.00756491394713521
0.7140833139419556
-0.5366254448890686
0.02716473862528801
-0.830568790435791
0.7646750211715698
0.7232068777084351
-0.09772939234972
0.32361483573913574
0.5162307024002075
0.16408605873584747
0.03642338514328003
0.11974098533391953
0.4647527039051056
-0.09149264544248581
-0.008079594001173973
0.4666159152984619
0.7350930571556091
-0.22479106485843658
0.5216972827911377
0.10577179491519928
0.5476700067520142
0.608440637588501
-0.10341808199882507
-0.19110877811908722
-0.5664010047912598
-0.031217049807310104
0.7654141783714294
0.07835035026073456
-1.4115389585494995
0.04687633365392685
0.08118648082017899
-0.17550896108150482
-0.6233338713645935
0.47174784541130066
1.0161670446395874
-0.3520507514476776
-0.5537816286087036
-0.4458147883415222
0.2607487440109253
-0.06720450520515442
-0.001329398830421269
-0.08444578945636749
-1.233920931816101
1.096998929977417
1.06988525390625
0.1112481951713562
1.005669116973877
-0.03487495705485344
-0.7054161429405212
-0.12208164483308792
-0.00012147038796683773
0.015249413438141346
-9.12156974663958e-06
-0.3570775091648102
-0.0034257934894412756
-0.24483825266361237
0.42427659034729004
0.20959553122520447
-0.40617653727531433
-8.236029680119827e-05
-0.484864205121994
0.026611728593707085
-0.07461655884981155
-0.00023020667140372097
-0.449113667011261
-0.009947622194886208
0.05482615903019905
0.03314398601651192
-0.20243863761425018
0.006823402363806963
-0.6472905874252319
0.000529772019945085
-4.968310531694442e-05
0.2176278978586197
-0.06559474766254425
0.29441341757774353
-0.7075637578964233
-0.010195058770477772
-0.5353394150733948
-0.6915981769561768
-0.27131927013397217
0.9457988739013672
1.2983585596084595
-0.20099270343780518
0.10740707814693451
0.7669621706008911
-0.6258227229118347
-0.9164680242538452
0.0030358543153852224
-3.2551288180332056e-23
0.1397751122713089
0.9197652339935303
0.0012809446780011058
0.4049072861671448
-0.17864154279232025
-0.9429081678390503
0.9928392171859741
0.037135012447834015
0.31578370928764343
-0.5640870928764343
-0.0696408674120903
-0.3047690987586975
-0.6455520987510681
0.015549763105809689
-0.0022199780214577913
0.0019433781271800399
0.029786430299282074
0.0029320716857910156
-0.6012328267097473
0.09203211963176727
-0.11927934736013412
0.44334056973457336
0.05340467020869255
-0.0366886667907238
0.25896456837654114
-1.4538726003554793e-18
0.3574259877204895
0.0001702808658592403
0.026670051738619804
-0.24578417837619781
-0.6029083132743835
-0.011066562496125698
0.6303743720054626
-0.35260096192359924
-0.31832370162010193
0.3466686010360718
0.40003636479377747
-0.31761863827705383
0.6963179111480713
-0.1698245406150818
0.7333579659461975
0.11244316399097443
0.263107031583786
1.014593482017517
1.0994199514389038
0.6066172122955322
-0.00040410601650364697
1.091815710067749
-0.6120312809944153
-1.165039300918579
-0.6676239371299744
-0.2810935080051422
0.706163227558136
-0.867732048034668
-0.1228099912405014
0.8690105080604553
-0.05046004801988602
0.3238363564014435
-0.009061791002750397
-0.16029681265354156
-1.0159498453140259
0.009899578057229519
-0.5968712568283081
0.35058319568634033
0.6648035645484924
0.026444796472787857
0.5955390930175781
-0.3766418397426605
-0.0688760057091713
0.32042691111564636
-1.2161024808883667
-0.21323709189891815
-4.142761222259904e-25
-0.2806087136268616
0.2197839468717575
-0.03798719495534897
1.396710135490986e-20
8.34952107453546e-10
0.23373515903949738
-0.6944825649261475
0.41056427359580994
0.26411759853363037
0.4035716652870178
0.546395480632782
0.6915665864944458
0.0014275242574512959
0.06590446829795837
-0.28684714436531067
0.393979012966156
1.9325339939424424e-12
-0.0018581723561510444
0.017713189125061035
-0.3145637810230255
-0.02247733809053898
-0.6241238117218018
0.740998387336731
0.4897269010543823
-0.05665404722094536
-0.11321129649877548
0.5840100049972534
-0.01046733558177948
0.4185713231563568
-1.5961723001872176e-20
-0.07150153815746307
0.1067182868719101
-0.41599470376968384
-0.01182589028030634
-0.6989349722862244
0.1259506195783615
0.23146209120750427
-0.5954397916793823
-0.03817938640713692
-0.29818350076675415
0.2575909495353699
0.006981219630688429
0.61302250623703
-4.037782855448313e-05
-0.011284801177680492
0.05184201896190643
0.6136555075645447
-0.009847506880760193
-0.6556782722473145
0.04836779460310936
0.010634349659085274
-0.07390531897544861
0.4778456687927246
0.019874239340424538
0.025682011619210243
-6.4164937298460376e-21
-0.05333839729428291
0.29855379462242126
-0.009282330982387066
0.6773516535758972
0.01997639425098896
-0.15222938358783722
-0.5280330777168274
-0.004299325402826071
-2.1393553595316916e-10
3.2459994692146665e-09
0.18200314044952393
-0.05956888571381569
1.9484597046925956e-08
-3.653990304774979e-12
-0.1937887817621231
0.6077239513397217
0.04127182066440582
0.1357869952917099
0.10393211990594864
-0.1923806071281433
0.3646138906478882
-0.3038683235645294
0.6428089141845703
0.5860411524772644
0.7029714584350586
-0.10569322854280472
-0.6228358745574951
0.18128588795661926
-0.28015241026878357
-0.08496550470590591
0.0008211404201574624
-0.09338410943746567
0.27715784311294556
-0.027331549674272537
0.2939297556877136
0.732778787612915
-0.7106440663337708
0.2232942134141922
9.110410958603843e-22
-0.05091675743460655
-0.19396021962165833
0.6525107622146606
-1.0430549991724547e-05
0.1427800953388214
-0.9859377145767212
-1.384202241897583
-0.15930813550949097
-0.6344262361526489
0.7112776041030884
-0.16633039712905884
-0.18686367571353912
5.131536227054312e-07
8.447414074908011e-07
0.6868560314178467
-0.49734172224998474
0.5375914573669434
0.21041806042194366
1.105860710144043
0.18461176753044128
0.28544148802757263
0.010513879358768463
0.361682653427124
-0.12988093495368958
-0.0614844411611557
-0.014120617881417274
-0.05861329659819603
-0.12490933388471603
0.02342107519507408
0.13563889265060425
-0.29320624470710754
0.7708114981651306
-0.6233805418014526
-0.22064320743083954
0.19049592316150665
0.06153574585914612
0.8851150274276733
-1.0328974723815918
-0.04271332919597626
0.00016820574819575995
-0.00017440698866266757
-0.9149441719055176
0.23214752972126007
-0.060943521559238434
1.0076029300689697
1.1293525695800781
0.6209661960601807
0.025493474677205086
0.7065077424049377
0.5538612008094788
0.33960938453674316
4.9006510380422696e-05
1.3223559486330062e-21
0.04577965289354324
-0.022204400971531868
0.6902844905853271
-0.3171021044254303
0.008176032453775406
-0.017301153391599655
-0.0193505696952343
-0.387429416179657
-0.015760313719511032
-0.0121650705114007
-0.08118267357349396
0.17407545447349548
0.6881402134895325
-0.23799456655979156
0.4421730637550354
0.12861472368240356
-0.002979631070047617
0.26346102356910706
-0.7064406275749207
0.014404025860130787
1.486406908668414e-08
-0.42182794213294983
0.013791917823255062
0.5425897240638733
-0.4846707880496979
-0.6300004720687866
0.011721331626176834
-0.3513029217720032
-0.28704777359962463
-0.016663800925016403
-0.05667426809668541
-0.016871720552444458
-5.096602904646442e-20
4.851310109188489e-07
-0.17669691145420074
0.019873103126883507
0.5396289825439453
0.6557536125183105
-0.47391438484191895
0.10738690197467804
-0.5967268943786621
1.6527317031221275e-14
0.13256168365478516
-0.02174152247607708
-0.047680918127298355
-0.6621074080467224
4.145919956499711e-05
-0.20079654455184937
-0.214568629860878
0.5460489988327026
0.007384201977401972
-0.29922980070114136
-0.43823838233947754
0.029081465676426888
0.39581751823425293
0.06908055394887924
-0.011036648415029049
0.026453036814928055
0.005518851801753044
-0.06121426075696945
0.0870334804058075
-0.07045577466487885
-0.026945577934384346
0.06783474236726761
-0.11199937760829926
-0.17399051785469055
0.029146160930395126
0.04250155761837959
-0.0027001698035746813
-0.37184572219848633
-0.1724734753370285
0.03583819791674614
-0.13818565011024475
0.034951530396938324
-0.28370201587677
-0.13267390429973602
-0.002151704393327236
0.018401330336928368
-0.03481074795126915
