2
1
2
25
25
ReLU
ReLU
Affine
-0.18769
-0.23401
-0.95801
0.57364
0.6448
-0.32181
-1.0048
-0.049421
0.42416
-0.05068
-0.15649
0.13555
-0.080832
-0.65545
0.46008
0.87807
-0.017376
0.038527
0.62136
0.20565
0.29968
0.89442
0.34474
0.66202
0.33976
0.28198
0.092217
0.027927
-0.26581
0.16192
-0.32274
-0.20299
-0.50824
-0.82923
0.04122
-0.7585
-0.69065
-0.084317
-0.78938
0.11955
-0.3169
-0.15577
0.53503
0.12306
0.53704
0.70572
0.01064
-0.91353
-0.27892
-0.11449
0.011034
0.92476
-0.46488
0.29623
0.91234
-0.48022
-0.86037
0.57955
0.24807
0.65209
0.3754
0.85053
-0.62146
0.014157
-0.30347
0.81654
0.52951
-0.60895
0.22036
-0.82442
0.34207
0.7145
-0.02907
0.40821
-0.54411
-0.75259
-0.97792
-0.25077
-0.72804
-0.12323
-0.92944
0.96178
-0.59355
0.39066
0.36924
0.78245
0.0049076
0.043533
-0.34357
0.097946
0.20618
0.30068
0.96962
0.083866
-0.80845
-0.58049
-0.89432
0.36921
-0.96995
-0.10831
-0.099238
-0.15705
-0.52179
-0.18617
-0.13545
-0.90099
0.59987
0.086919
-0.94693
0.87597
-0.35787
0.062991
0.16683
-0.56558
0.96903
-0.58174
0.099565
0.9873
-0.042756
0.57742
0.26173
0.13456
-0.43183
-0.95959
0.19152
-0.58943
0.064212
0.65452
0.50674
0.46279
0.6009
0.34083
0.39071
-0.036844
0.76171
0.050691
0.76154
0.1793
0.15303
-0.46982
0.63449
-0.16609
0.61465
0.34232
0.7484
0.32575
0.58605
0.29854
0.55006
-0.64337
0.97173
-0.32981
-0.017242
0.31444
-0.76939
0.20249
0.37459
0.42306
-0.31696
-0.4433
0.96814
-0.52027
-0.63778
0.80051
-0.050531
0.054371
0.3776
0.94803
0.21318
-0.16028
0.83081
-0.95429
0.28073
-0.93493
-0.58878
0.13484
0.9352
0.26761
-0.45211
-0.12424
0.72143
0.78918
0.80184
-0.62665
-0.47731
-0.19246
0.080554
-0.68451
0.67835
0.54751
0.65385
-0.55328
0.15092
-0.67068
0.44897
-0.46227
-0.85432
-0.82623
0.13875
0.92096
-0.4238
-0.014975
-0.80202
0.89327
-0.36978
0.27904
-0.69242
0.75463
-0.74598
0.67079
-0.17254
-0.27913
-0.10646
-0.51832
0.17341
0.10505
-0.55084
0.51718
-0.76021
0.28201
-0.93077
0.95779
0.23172
0.38843
1.0222
-0.31896
0.88208
0.98967
-0.58859
0.93834
0.24587
-0.87296
0.19997
-0.96199
-0.97576
-0.85303
0.33295
0.9717
0.47831
0.50653
0.10674
-0.26673
-0.46139
0.35459
0.83175
0.23121
-0.89962
0.64617
0.055715
0.40715
0.52447
-0.67302
0.58611
-0.57761
-0.13913
0.4851
0.59426
0.13469
0.9551
-0.53729
-0.59856
-0.46597
-0.096508
0.021979
-0.028725
0.69584
-0.033289
-0.87702
0.80242
0.57388
-0.99187
-0.64005
-0.20409
0.43226
-0.83703
0.12401
-0.36218
-0.35066
-0.28268
0.58237
0.19482
0.15223
-0.18615
-0.164
0.19312
-0.94729
-0.55194
-0.38978
-0.67187
-0.23593
0.99221
0.48255
0.23291
0.056324
-0.82456
-0.33023
-0.82991
0.34003
-0.1142
-0.86798
-0.84582
-0.25671
0.22657
-0.61234
0.72039
0.19462
-0.65914
-0.56424
0.37088
-0.04342
-0.44713
0.37941
-0.21644
0.84924
-0.63311
0.40394
-0.02963
-0.80889
-0.53563
-0.89295
-0.87548
0.55541
-0.33458
0.084618
0.15088
0.77718
-0.83447
0.55138
0.52594
-0.5015
-0.81682
-0.90051
-0.09242
0.29984
-0.55782
-0.70195
0.050232
0.63596
0.40012
0.67746
-0.30344
-0.37083
-0.80867
0.73587
0.50868
0.82798
-0.53691
-0.95306
0.95145
-0.63307
-0.94015
-0.35084
-0.94914
-0.71091
0.80774
-0.84226
-0.23951
-0.3199
0.8653
-0.77205
0.77916
-0.090808
-0.75278
0.41932
0.61542
0.5947
0.096173
-0.015261
0.012804
0.84835
-0.42497
0.927
0.48327
0.39081
-0.90369
0.40996
-0.22469
0.44218
0.87515
0.82129
-0.50658
-0.24712
-0.65198
0.4976
0.99043
-0.60935
-0.56347
0.04627
-0.95838
0.54365
0.069675
0.58994
0.061004
-0.92945
-0.43689
-0.07893
0.52009
-0.70714
0.85282
-0.44617
0.16022
-0.087139
0.048086
0.49683
0.9898
-0.80713
0.63786
0.25974
0.49488
0.16922
0.98475
0.65195
-0.40155
0.55997
0.36243
0.29927
0.24212
0.86006
0.85484
0.68511
-0.62003
0.73353
-0.77771
-0.73671
-0.15934
0.13904
-0.5598
-0.30471
-0.53879
0.15953
-0.85763
0.96138
-0.42256
0.075299
-0.26739
0.57939
0.14645
0.52247
-0.88003
-0.75542
0.49734
-0.73074
-0.81774
0.37211
0.091569
-0.038561
-0.37573
0.021893
0.8366
0.05249
0.58054
0.16064
0.613
-0.039296
-0.016314
0.42805
0.30527
-0.1199
0.085315
-0.2088
0.56034
-0.3836
0.074083
-0.91278
-0.30404
0.35292
0.75152
0.27289
-0.3046
0.78242
0.41228
0.015814
-0.67282
0.88038
0.69131
0.33732
0.45222
-0.26977
-0.86826
0.45979
0.80954
0.73746
0.56729
0.67865
0.34954
-0.52835
-0.35294
-0.79925
0.99407
-0.65309
0.33407
-0.98651
-0.61563
-0.49902
-0.091034
0.74729
0.20626
-0.65372
0.72013
0.39152
-0.048732
-0.31096
0.98752
0.73246
0.91928
-0.46622
-0.39706
0.47363
0.72822
-0.33867
-0.78368
0.37925
-0.77041
-0.73433
0.019293
0.50425
0.58983
0.56795
-0.099739
0.41922
0.59177
-0.83286
-0.41426
-0.95904
0.037802
-0.60855
-0.30052
0.81943
-0.38629
-0.99138
-0.13021
0.89111
0.044917
-0.54558
0.38764
0.88012
0.058294
-0.67005
-0.15935
0.092967
0.47046
-0.66134
-0.085092
0.007051
-0.43807
0.92464
0.69126
-0.66391
-0.07551
-1.0189
0.30698
-0.011945
0.40328
0.027232
-0.22796
-0.43742
-0.9522
-0.64767
0.12
0.92396
0.61248
0.84472
-0.12713
-0.88815
0.89869
0.68044
0.70468
0.92676
0.69368
0.39937
0.6626
-0.3891
0.26749
-0.10039
-0.91856
0.016261
0.93162
-0.62526
0.54914
-0.31637
-0.13342
-0.15534
-0.91689
-0.042392
0.43902
0.77602
-0.90662
0.62779
-0.69684
-0.64351
0.78802
0.66533
-0.56054
0.26087
0.21945
0.099202
0.55609
0.93751
-0.2711
-0.76319
0.11353
0.66529
-0.85628
0.35265
0.45471
-0.28059
-0.96781
0.59916
-0.44413
-0.76838
-0.49852
0.49113
0.40418
0.34809
-0.11414
-0.57106
-0.84629
-0.50627
-0.28398
0.88241
-0.54915
-0.32505
0.59652
0.95903
-0.93581
-0.47573
0.42525
0.91168
-0.51599
-0.69732
0.86751
0.62066
-0.59126
-0.25585
0.1309
-0.16639
-0.60861
0.4957
0.49294
0.60364
-0.97594
0.31682
0.67276
0.92314
0.03989
0.83252
0.79459
-0.92981
-0.26358
-0.2362
0.85489
-0.066991
0.59924
-0.27404
-0.8593
-0.15528
0.70511
0.060864
-0.85186
0.88983
0.60747
0.7427
0.92216
0.22336
0.64006
0.60842
-0.32325
-0.34191
0.58104
0.63823
0.84246
-0.30476
0.88644
0.21877
-0.69575
0.68052
0.79453
-0.81242
0.54793
0.75143
-0.96427
-0.048722
-0.79891
-0.18869
0.72923
0.35974
0.96021
0.6399
-0.52618
-0.56369
0.91607
0.84981
0.46233
0.28712
0.52417
0.63754
-0.94676
0.34921
0.67136
0.56815
-0.64882
0.4156
0.94693
0.11803
0.89703
-0.42709
-0.28688
-0.88232
0.24583
0.07013
-0.67305
-0.062652
0.43878
0.873
-0.33335
0.79145
-0.78184
-0.55502
0.45778
0.36708
-0.73341
0.90565
-0.50437
-0.45995
-0.60738
-0.1739
0.62633
0.28878
-0.097139
0.69017
0.82886
-0.34409
-0.14102
0.021872
0.91286
-0.63382
0.23508
0.043348
-0.23775
-0.11047
0.27811
0.41463
-0.10511
-0.58036
-0.36788
0.98794
-0.58953
0.24888
-0.44601
0.54054
-0.67428
0
1
