2
1
2
25
25
ReLU
ReLU
Affine
-1.1552
-0.32741
0.13139
-0.57105
1.01
1.0704
-0.082635
0.60981
0.012026
0.32494
0.49288
2.4128
-0.032068
0.67105
-0.099166
-0.89353
-0.54764
-0.18059
0.49295
-0.83333
2.6591
-2.3299
0.0012737
0.13168
1.6836
0.32082
-3.4628
1.0748
0.23433
0.23345
-0.36016
-0.6937
-0.161
-0.31244
0.58106
-0.28908
-0.075656
0.48241
-0.27822
0.1163
-0.52795
1.0096
0.46542
0.69841
0.034369
0.55816
-0.68066
1.5374
-0.072601
-0.28206
0.50368
0.33504
-0.66824
-0.65147
0.57494
0.54655
-0.83002
1.2407
-0.17545
-3.5487
-0.039256
-0.3126
-0.25318
-0.29559
-0.48481
0.53439
0.29508
-1.1101
-1.2325
0.95969
0.56745
1.0034
0.29264
-0.386
1.2224
0.67041
-0.27302
0.24924
-0.78012
0.088392
-0.10143
-0.1604
0.91982
0.9152
-0.43576
0.7575
0.67804
-0.28266
-0.064352
0.50927
-0.58583
0.2629
-0.52039
-0.78204
0.043882
-0.7807
-0.33183
-0.28771
-0.73593
0.83303
0.24748
-0.69377
0.88419
0.36303
-0.73558
0.080005
0.26932
0.32811
-0.25924
2.0621
0.52633
1.042
-0.87339
0.29118
-0.52594
-0.45214
0.83473
-0.55063
-0.05024
0.82065
2.0682
0.77679
-0.20648
0.84617
0.45747
-0.39028
-0.32499
0.27872
0.17231
0.92316
-0.097892
-0.071931
-0.40166
0.67701
-0.36126
-0.16672
-0.9054
-0.077494
0.50231
0.69259
0.94771
0.23381
0.10672
0.75495
0.24483
-0.65539
-0.612
-0.48659
-0.50524
0.38157
-0.71211
-0.73121
0.19516
0.86722
-0.98353
-0.044889
-0.10549
0.1962
-0.87002
-0.71949
0.77159
-0.17106
0.15124
0.2556
-0.70489
0.99364
0.32996
-0.12044
-0.48021
-0.072554
0.72348
0.4758
-0.37001
0.0077779
0.79736
-0.5436
-0.17725
-0.97795
-0.19006
0.95691
-0.088015
-0.57017
0.099578
0.19166
0.30585
-0.17857
0.69431
0.0094899
0.40649
0.43073
-0.90434
0.1634
-0.29815
-0.17033
-0.36297
0.51054
0.55674
-0.077201
-0.0049117
-0.15758
0.4008
-0.66973
0.35061
-0.32278
0.77986
0.45987
-0.50045
-0.96236
1.1958
-0.40566
-0.068489
1.3311
-0.10115
-0.80921
-0.28173
0.42469
-0.39155
0.019232
-0.55318
-0.67612
0.50529
-0.72058
-0.37333
0.66663
0.45227
-0.47464
-0.18457
0.14075
-0.25088
0.96824
0.60493
-0.004061
0.84355
0.067608
-0.33175
-0.62505
-0.70253
0.0085379
-0.028984
0.87719
-0.60723
0.6083
-0.2682
-0.82371
-0.49093
0.63479
0.494
0.64184
-0.14979
-0.80474
-0.15574
-0.56986
-0.22217
-0.079415
0.12233
-0.458
-0.030366
0.83204
0.76372
0.92934
0.39855
0.40496
-0.10507
0.95882
-0.53627
-0.070212
0.80804
-0.46954
0.46253
0.0010546
-0.17737
0.35747
0.75955
-0.82492
-0.42981
-0.086209
-0.71553
0.18577
-1.023
-0.80541
0.0013503
-0.33036
0.83002
0.15056
-0.19781
0.9248
1.1925
0.40645
0.76523
0.71575
1.4489
0.13488
-0.051629
-0.042232
-0.14858
-0.46865
1.0942
-0.98009
0.73258
0.77877
-0.33195
-0.069453
0.27417
0.20636
-0.69972
0.26562
0.92987
1.1832
-0.38484
0.65938
0.66941
0.2482
0.87646
0.45493
0.4481
1.8763
0.48951
-1.4246
0.45627
0.86539
-0.95399
-0.56809
-0.31439
-0.073443
0.38421
0.27043
-0.21027
0.10684
-2.0392
0.030093
-0.91581
-0.47646
1.1907
0.75515
1.2718
0.93087
-0.055248
-0.27382
0.021355
0.86774
-0.60591
0.50307
-1.1329
1.1062
0.33945
-0.83803
-0.97456
-0.7602
0.57501
-0.85065
-0.92027
0.35193
0.31818
0.011683
1.0326
-0.42819
0.17105
0.83754
0.60932
-0.10469
-1.0621
-0.98041
-0.62107
-0.80913
-0.31108
0.38749
-0.30626
-0.096989
0.8141
-0.23126
-0.79225
-0.68537
-0.23221
-0.71656
-0.03488
-0.92847
0.12962
-0.53393
-0.74023
0.00063934
-0.45088
0.70573
-0.58166
-0.48329
-0.97034
0.74506
0.59971
0.26679
0.59244
-0.092218
0.49262
0.19236
0.73834
1.2517
0.65663
0.46018
0.040512
0.67763
0.98173
-0.94622
-0.11581
0.44586
0.11688
0.77913
-0.20259
0.022757
-0.39401
-0.66335
0.60812
-0.57137
-0.0084732
-0.52817
1.1743
0.022545
-0.93435
0.7011
-0.24186
-0.5513
-0.020076
-0.38144
0.38285
-0.43341
-0.75034
0.65051
-0.041828
-0.051693
0.34275
0.63252
0.13721
0.5304
0.14211
-0.66783
0.62554
-0.62286
0.46803
0.43795
-0.048837
0.11597
-0.82042
-0.019082
-0.93174
-0.021818
-0.37392
-0.69354
-0.12152
-0.19664
-0.80906
0.97568
-0.87982
-0.35281
0.80157
0.19755
-0.71101
0.60982
-0.11524
0.645
-0.27989
-0.038928
0.15625
0.18069
0.36241
0.98733
-0.59189
-0.23164
-0.17177
-0.99873
0.10509
-0.71919
-0.0066557
-0.64334
-0.85003
0.70993
0.81693
-0.38513
-0.33007
-0.78395
-0.47186
0.91038
-0.97335
0.70282
-0.14335
0.020513
0.23889
-0.50926
0.44441
-0.7846
-0.44425
-0.32932
-0.15519
-0.12058
-0.21164
0.49315
-0.56692
0.45881
0.15187
-0.53082
-0.87109
-0.42385
-0.6141
-0.030186
-0.95788
0.038563
-0.50903
-0.39325
0.75454
0.16178
0.80501
0.49073
0.34823
0.47567
-0.26879
-0.44056
-0.19913
0.75238
0.3074
-0.83583
0.021901
0.50307
0.090144
-0.58449
1.8952
0.17425
0.77461
1.3667
-1.127
-2.7282
-0.047342
0.22453
-0.21876
0.33076
1.2977
0.18747
1.1365
0.53446
-0.94089
-0.23688
-2.7852
-0.080533
-0.39918
-1.2537
0.69472
0.6621
2.1554
-0.025915
0.26998
0.90974
0.33061
-0.59068
-0.28782
-0.73739
-0.75557
-0.68857
-0.78959
-0.19424
0.2946
-0.86237
-0.057019
-0.5765
-0.98158
-0.95135
0.57971
0.43065
0.8427
-0.1426
-0.52351
-0.37364
-0.37478
-0.97137
0.33747
-0.11668
0.141
-0.32966
0.58027
0.45946
0.81054
-0.65951
-1.1413
-0.61534
-0.79117
0.87637
-0.76315
-0.60964
0.046876
-0.6838
0.75368
0.55423
-0.13472
-0.96794
0.22433
-0.087557
0.12575
0.78458
-0.94602
0.14719
-0.32505
0.68073
-0.082749
-0.78122
-0.049539
-0.85777
0.67372
0.029707
-0.18143
-0.64039
0.20903
0.40805
-0.6271
-0.81768
-0.08418
0.69096
-1.0268
-0.43156
0.88848
-0.32034
0.70626
-1.0009
-0.95782
0.64358
0.35186
0.382
-0.75075
0.2615
0.24364
0.4828
-0.89079
-0.72246
-0.9466
0.26769
0.42262
-0.040675
-0.4965
0.41933
0.41939
-0.12929
0.75313
0.84718
0.312
0.22464
0.34058
-0.019711
0.88072
-0.99043
0.88188
0.6323
-0.68212
-0.82523
-0.81778
-1.2899
-0.82987
-0.21017
0.37019
0.19404
-0.59903
0.5008
-1.0488
-0.16199
0.041037
0.69567
-0.91168
0.34027
0.33497
0.21729
-0.71931
0.92813
0.44388
-0.031154
-0.054867
-0.46969
-0.11864
0.17131
-0.65784
-0.63207
-0.5009
-0.17895
-0.70822
0.57353
-0.13495
-0.6596
0.26734
-0.04998
-0.95119
0.45924
-0.98015
0.35438
-0.93246
0.31528
0.48497
-0.68163
0.20741
0.74312
-0.34732
-0.77267
-0.16136
-0.94759
0.052373
-0.35652
-0.98049
-0.85745
-0.90879
0.026046
0.10934
-0.0092622
0.48693
-0.93441
0.72513
1.0785
0.49438
-0.7863
0.13019
-0.7087
0.012451
0.3071
0.48999
0.068732
1.085
-0.22117
-0.99554
0.15121
-0.11459
0.19451
0.68456
-0.13015
0.88084
-0.47102
0.69168
0.98423
3.1271
-0.050768
0.73238
-0.78796
-1.2369
-0.14929
-0.06843
-1.5368
-3.3201
1.7449
0.11675
-1.2317
-0.021726
0.80032
0.81499
0.27517
5.3171
-0.46861
0.48873
-0.041637
-0.0050171
-0.9637
0.92556
-1.6002
-0.92709
0
1
