2
1
2
25
25
ReLU
ReLU
Affine
-0.2887
-0.18128
-0.01331
1.0538
-0.67397
-0.75081
-0.95656
-0.50213
0.51338
-0.71958
-0.23158
1.244
0.2183
-0.90526
-1.2544
-0.4387
-0.054911
0.51898
0.73071
-0.043271
0.58879
1.5535
0.018034
-0.087771
-0.8981
-0.62471
0.37
-2.0663
-0.01902
0.12354
1.4189
-0.37895
-0.54162
-0.51385
-0.24782
0.358
-0.3261
0.074399
-0.10481
0.95008
-0.76264
0.29166
0.65315
0.26223
-0.34847
1.4492
-0.90135
0.46417
0.77766
-0.34455
-0.66874
-0.19044
-0.16782
0.36595
-0.068849
0.37553
-0.4518
-0.48577
0.18303
-0.13684
1.0907
-0.33774
-0.56206
0.29899
0.84643
-0.28002
0.88433
0.80194
-0.4784
0.090249
-0.4696
-0.33883
0.71648
-0.14346
-0.24856
0.43212
0.74906
-0.050192
-0.48343
-1.0186
0.89774
0.9972
0.37844
0.72271
-0.21901
0.55187
-0.14998
0.99649
0.96164
0.71896
-0.2265
0.032921
-0.92855
0.43513
-0.35759
-0.29898
0.63622
0.51649
0.031283
-0.3624
0.35629
0.19605
-0.50695
0.18582
0.75935
0.10974
0.42231
0.040625
0.28231
-0.2938
0.66242
0.55201
-0.90996
-0.95751
0.90514
-0.67754
-0.50853
0.2739
-0.82429
0.86579
-0.57346
0.42778
0.73425
0.32107
0.77578
-0.75097
-0.64664
0.55604
0.41834
0.076379
0.92244
-0.18106
-0.17445
-0.62567
-0.7366
0.27507
-0.30326
-0.49496
0.82092
0.91229
-0.31591
-0.095535
0.43623
0.4911
-0.27991
-0.14325
0.37382
0.36922
0.5213
0.8082
0.30214
0.061972
0.1873
-0.40637
0.2589
0.41125
0.050354
-0.012476
-0.84797
0.075993
1.0448
-0.73045
0.70187
0.85092
0.84165
-0.45363
0.27662
0.26886
1.0828
-0.62427
-0.44536
0.36236
0.74088
0.76623
0.022809
0.063336
0.25481
-0.89811
0.15287
-0.99921
-0.64973
0.17066
0.13225
-0.40615
0.23632
-0.8155
-0.58904
-0.88361
0.3024
0.88342
-0.72345
-0.25265
0.20131
-0.51965
-0.4426
-0.21882
-0.61325
0.65784
-0.13885
0.96142
-0.35378
-0.97646
0.8454
0.45969
0.75479
0.23265
-0.80171
-0.77764
-0.28107
-0.04635
0.26848
-0.70889
-0.26691
-0.70193
0.77934
-0.65698
0.28279
0.78013
0.12165
-0.73577
0.038882
-0.19279
0.67007
0.99366
0.3047
0.56697
-0.33742
0.30867
0.76942
-0.33589
0.7856
0.45237
0.7949
0.40675
0.98102
1.0725
0.58083
-1.2818
0.12322
-0.078283
1.242
1.2216
0.20172
-0.83229
-0.24324
-0.13725
-0.62891
-0.080246
0.25155
-0.76998
-0.063774
0.55961
-0.54603
0.9861
0.092614
-0.050213
-0.43126
-0.75613
0.33221
0.49561
0.82394
0.71711
0.16687
0.26577
-0.35458
-0.35573
1.0089
-0.20292
-0.084981
0.52617
0.57453
-0.039277
-0.46487
-1.0197
-0.44254
-0.29814
-0.32611
0.24845
-0.83585
0.25846
1.0648
0.10152
-0.63299
0.73769
0.99977
0.51928
0.3618
0.032959
0.55195
-1.1699
0.68573
-0.88644
-0.34855
-0.50994
0.29683
-0.36432
0.43579
-0.27076
0.31886
0.31568
0.6237
0.69509
0.58346
0.65685
0.74847
-0.34636
-0.17856
-0.38887
0.66091
-0.18607
0.80256
-0.38563
-0.62085
-0.2752
0.94089
-0.7988
-0.62585
-0.48655
0.81532
0.58461
0.21438
0.0017349
0.79161
0.42798
-0.35473
-0.58497
0.82017
-0.21971
0.36598
-0.078985
0.96055
0.77071
0.011266
-0.58445
-0.67983
0.13351
-0.29754
0.5418
1.0248
-0.46338
0.47794
0.66796
0.6613
-0.91422
-0.09897
-0.82986
0.75944
0.10293
-0.67855
-0.53552
0.73314
-0.87728
-0.23699
0.16316
0.6477
0.89469
-0.93621
0.30822
-1.118
-0.86795
1.1717
-0.31346
0.14186
1.006
0.024902
1.0577
-0.18038
-0.74476
0.3561
0.93906
0.24641
1.1733
-0.24476
-0.050168
-0.33894
-0.0078404
-0.93844
0.34807
0.08846
-0.70274
0.78628
-0.03553
0.55742
0.71289
-0.063839
0.49988
-0.40588
-0.75245
-0.47047
0.94168
0.2165
0.75757
-0.70831
0.74799
-0.073235
0.71685
0.77897
-0.038733
-0.45925
-0.67594
0.58264
-0.62223
-0.51869
-0.78749
-0.49135
-0.60425
0.024786
-0.22232
-0.16976
-0.9978
0.5507
0.24913
0.7065
-0.53409
-0.91013
-0.39232
0.25271
-0.80577
0.38532
-0.5766
0.69311
-0.57962
0.47952
-0.25914
-0.79557
-0.87612
-0.90671
0.055517
-0.71637
-0.28971
-0.15589
-0.86402
0.19701
-0.59864
0.12943
-0.59148
-0.43735
0.71343
0.19237
-0.58753
0.15606
-0.87109
-0.95615
-0.33721
0.67778
-0.16777
0.13205
-0.59586
0.46038
0.011248
0.72249
0.31703
0.76131
-0.85011
0.28125
0.18987
0.10997
-0.57436
0.7688
-0.65514
-0.60351
0.69665
0.066769
0.24072
-0.29449
-0.47202
1.0769
-0.769
0.15791
-0.034348
-0.33573
0.2665
-0.27674
-0.45407
-0.33194
0.25377
-0.38159
0.044351
0.95837
0.73179
0.92184
-0.80679
-0.095353
-0.50578
-0.66767
0.45841
0.75625
0.78813
-0.27948
0.099459
-0.19383
0.78495
-0.90347
0.30782
0.93985
0.88284
-0.44134
0.48337
-0.38074
0.5584
0.1234
0.94032
0.71526
0.33113
-0.28871
0.22715
0.78098
0.20578
0.46809
0.82413
0.067471
-0.90621
0.24474
0.65659
-1.0025
-0.14159
-0.57629
-0.86227
-0.56947
0.81289
-0.51174
0.76311
-0.049569
-0.29872
-0.22072
-0.13238
0.49997
0.5952
-0.87232
-0.21915
-0.46585
-0.062389
0.0078646
0.68344
0.11925
-0.36178
-0.5093
0.05214
-0.81542
0.015426
0.63485
0.23635
-0.50927
0.51276
0.058023
0.68823
-0.023427
-0.73925
0.46216
0.73722
0.46939
0.77308
0.33373
0.12959
0.046514
-0.020225
-0.37812
0.44931
0.37721
1.0463
0.74265
-0.75846
-0.89632
0.48088
-0.33087
-0.48452
0.68427
-0.21314
-0.69557
-0.091193
-0.8798
-0.3496
-0.56891
0.75721
0.32596
-0.32345
-0.7607
-1.1001
-0.83001
-0.76364
0.80353
0.82101
-0.24287
0.58017
0.9673
-0.65935
0.52729
-0.11021
0.23305
0.62507
-0.42279
0.71024
0.5599
0.37969
0.7758
-0.0325
-0.73114
-1.1947
0.060004
0.23728
0.18025
0.87174
0.088656
-0.7312
-1.3085
0.60974
0.47669
-0.36631
0.77902
1.0737
0.4086
-0.40523
-0.34367
0.38902
0.82751
1.163
0.40907
-0.042237
0.68237
-0.49303
0.14872
-0.10401
-0.38798
0.66762
-0.10525
0.86549
0.042341
0.58241
-0.50654
0.46947
0.064887
-0.39773
0.61995
0.34555
-0.75895
0.50787
0.11562
-0.92772
0.54185
-0.38122
0.63703
0.86738
-0.63575
-0.23691
0.08906
-0.17813
0.42635
-0.94294
-0.048223
-0.35482
0.34673
-0.73512
0.082311
-0.65199
-0.25389
-0.54743
0.54517
-0.59441
-0.41099
-0.13947
-0.71397
0.49875
0.28125
0.034569
-0.15973
0.49328
-0.64979
0.26315
-0.070699
0.68025
0.93051
0.56658
-0.38857
0.34208
0.65117
-0.14171
0.028197
0.23665
0.096443
-0.21236
0.20408
-0.71706
0.61831
1.0845
-0.68656
-0.10314
0.62037
0.40629
0.26313
-0.53456
-0.24166
-0.9903
-0.15507
-0.14003
-0.962
0.13847
-0.70937
-0.33774
0.4759
-0.76944
0.31966
0.58647
-0.39188
0.77183
0.31651
0.45705
-0.84605
0.98941
-1.13
0.67784
-0.66024
-0.2367
0.47707
0.29038
0.59715
0.74018
-0.33799
-0.071911
-0.75533
-0.36082
0.22515
-0.44722
-0.53268
0.38433
-0.7014
-0.34495
0.28384
0.61701
-0.58491
-0.0093972
-0.3789
-1.6932
0.77362
-0.56454
0.36054
-0.60655
1.2075
0.19442
-0.099729
-0.55473
0.57213
0.095776
-0.18678
-0.61935
1.0923
1.886
0.82663
0.21841
-0.84235
0.53528
-0.37511
0
1
