2
1
2
25
25
ReLU
ReLU
Affine
0.0099581
0.66058
-0.43542
-0.81569
-0.56102
0.096735
0.041492
0.090062
-0.27368
-0.37873
-0.77082
1.1498
0.82236
0.02219
-0.41744
0.91446
-0.4735
0.48693
1.728
0.7232
0.42071
0.86841
0.68576
-0.79787
-0.65389
0.99084
-0.36451
0.41224
-0.87531
1.2553
0.14612
-0.52551
-0.61426
-1.1672
-0.85836
1.0179
-0.013659
-0.51991
-0.72233
-0.79325
0.67927
-0.70186
1.9809
-0.96525
0.40585
1.1361
-0.50059
0.73934
3.053
-0.10392
-0.17075
-1.5849
-0.69032
1.5099
1.7109
-0.78571
0.50191
-0.32965
0.01457
-0.97284
1.0611
-0.22389
0.7775
-0.98939
0.75603
1.0949
-0.87289
-0.23717
0.36092
-0.32032
-0.7664
0.065298
0.83946
0.7622
1.0622
0.96756
0.19613
0.35931
0.85222
-0.74069
-0.93247
-0.46948
0.8468
0.42862
-0.3957
-0.15312
0.6952
-0.92913
0.093089
0.84549
-0.21827
-0.53702
0.88086
0.90921
-0.97149
-0.49181
0.0039917
0.87496
0.80789
0.62687
-0.023463
-0.80558
0.36343
0.4162
0.15015
-0.66997
0.94208
0.15985
-0.91636
-0.097149
0.56926
0.7351
0.020995
0.6779
-0.63148
-0.66545
-0.57589
-0.52789
-0.57469
-0.5362
-0.14478
0.40527
0.33615
0.019008
0.76185
-1.0132
0.47537
-0.12355
-0.43026
-0.54592
0.59054
0.95942
0.2092
-0.26891
-0.666
-0.18856
-0.63528
0.010943
-0.21498
0.13699
0.94115
-0.19914
0.51618
0.83684
-0.47939
-0.66938
-0.84445
-0.99828
0.58719
-0.75722
-0.4495
0.72936
-0.76644
0.94735
-0.16104
0.40891
0.59454
-0.39493
-0.88963
-0.13416
-0.91107
0.22647
0.29208
0.96437
-0.71867
-0.011069
0.13661
-0.9578
0.37162
-0.85553
-0.77891
0.49397
-0.50503
0.16273
-0.035859
-0.079758
-0.82262
0.98927
-0.56876
-0.7519
0.74092
0.71034
0.90032
0.29189
0.2503
0.50517
0.57214
-0.24239
0.66094
-0.4588
0.13263
0.69225
-0.24825
0.043186
1.0831
0.91049
-0.00055838
0.46825
0.84715
1.0127
0.59318
-0.83865
-0.12911
-0.13694
-0.47023
-0.27193
-0.65685
-0.77393
-0.19414
-0.44483
0.84621
0.88025
-0.050238
0.59904
1.1083
-0.59013
-0.70999
0.59228
-0.27816
1.0993
-0.16029
1.9926
0.6693
1.087
-0.61947
-0.090358
-0.6201
0.689
-0.86067
0.47113
0.45525
0.63874
-0.53815
-0.25825
-0.74134
-0.32606
-0.5027
0.059399
0.78983
0.63185
0.043601
-0.74039
-0.77354
-0.71464
-0.015531
0.39851
0.24789
0.34537
-0.84295
-0.59829
0.24591
-0.60246
0.58991
-0.62289
0.15166
0.3302
0.62418
0.12614
-0.43035
-0.19001
-0.88134
0.94546
0.10835
-0.26414
-0.44993
-0.035491
0.55179
-0.33769
-0.79591
-0.1515
0.14134
-0.18097
0.64952
-0.7076
0.053067
0.63138
-0.57856
-0.2183
-0.48621
-0.46751
-0.57333
0.051886
-0.50107
0.6705
0.75853
0.10085
0.5032
-0.69158
0.057278
-0.50392
-0.8714
0.084184
0.13327
-0.10968
-0.22439
-0.26027
0.42162
-0.38539
0.98752
1.0344
1.1197
-0.60277
0.059682
-0.46551
-0.6385
0.78843
0.16141
-0.86505
0.019891
0.49427
0.97477
0.53615
-0.23097
-0.8747
-1.0344
0.17899
0.65447
0.093039
0.06861
0.088931
0.1638
-0.48419
-0.64745
0.52114
-0.91615
0.69886
0.75429
0.8229
-0.71988
0.74791
-0.67277
0.13917
0.3403
0.35017
-0.93671
0.10101
-0.86367
-0.39179
-0.24699
-0.92869
-0.53032
0.69473
-0.030588
0.92715
0.99385
0.13862
-0.81561
0.47235
0.1783
-0.050403
-0.65307
-0.11215
-0.70872
-0.16425
-0.31603
-0.47546
-0.91765
0.16922
-0.75073
0.99741
-0.7463
-0.91841
0.67275
0.14907
0.72616
-0.20078
0.06316
-0.39071
-0.42794
0.041979
0.30951
-0.63068
0.81158
0.023682
-0.50155
-0.094385
-0.2331
0.21841
0.47973
0.14679
-0.53704
0.89896
-0.26927
-0.63773
0.30166
-0.83462
0.032979
-0.70283
-0.2498
-0.48437
0.26315
-0.82961
0.36891
0.43902
0.79076
0.70354
0.0010143
-0.056494
0.90357
-0.014966
-0.070296
-0.27565
0.24638
-1.1458
0.081809
0.32845
-0.1081
-0.935
0.0096933
0.11849
0.93691
-0.2096
0.65313
0.86114
0.64755
-0.51297
-0.13371
-0.53895
-0.4355
0.50661
0.81797
-0.79955
0.10209
-0.80889
-0.70242
0.4822
-0.87335
0.73449
-1.0349
-0.086723
0.30688
-0.27446
0.81292
0.90958
0.61153
-0.51042
0.5814
0.10828
0.6592
-0.91307
0.87206
0.7597
0.61032
-0.047204
-0.33157
0.41394
0.32968
-0.44976
1.0781
-0.64466
0.97852
0.27248
0.14205
0.67701
-0.42422
-1.8837
-0.90318
0.24515
0.39626
-0.0038868
-0.71969
0.95543
0.39186
-0.015425
0.7479
0.76609
-0.58927
-0.24104
-0.66845
-0.062936
0.546
0.53694
0.48212
-0.73684
0.67552
-0.066346
-1.5549
0.38748
-0.97885
1.7539
1.6225
-1.3014
-1.5022
1.4638
-0.98281
1.3629
0.12402
-1.3107
-0.55159
0.30691
0.46762
-0.42053
0.81004
-0.7036
-0.14918
-0.26185
-0.49638
-0.76415
-0.85565
-0.68211
-0.6241
0.31016
0.78898
-0.70684
-0.99504
-0.13455
-0.36946
-0.11889
-0.84444
-0.35739
-0.65054
-0.36778
-0.50487
-0.1181
-0.98021
0.66017
0.24935
0.51691
0.75694
-0.092329
-0.81208
-0.55804
-0.25026
-0.69717
0.22658
-0.86943
0.33156
-0.64446
-0.79494
-0.56403
0.14907
0.50229
-0.59905
0.43077
0.3613
-0.63548
-0.12631
-0.66648
0.14766
-0.89116
-0.38974
-0.78273
0.95671
0.90383
0.93501
-0.10694
0.49642
0.24996
-0.72671
0.30725
0.26323
-0.37848
0.22692
-0.11868
-1.0227
-0.87064
-0.13889
-0.10618
0.35294
0.038181
-1.0711
-0.3274
-0.32227
-0.12179
-0.86431
-0.15675
-0.81789
0.26981
0.084931
-0.93186
-0.99266
0.94462
-0.97424
-0.95028
-0.60789
-0.20345
-0.50447
-0.76653
-0.015582
0.5544
-0.92665
-0.994
-0.26752
0.12319
-0.66752
-0.2911
0.50293
0.5263
-0.96971
0.59248
0.81419
-0.21602
0.013568
0.19035
-0.96568
-0.10555
-0.28268
0.55932
0.81679
0.80748
-0.091011
-0.089704
-0.85214
-0.82942
0.058471
0.85209
0.64488
0.19238
0.57039
0.27831
0.58405
-0.48465
0.01057
0.77613
0.088338
0.7257
0.74925
0.52448
-0.57472
0.57085
0.94517
-0.36727
0.065062
-0.7427
-0.70596
-0.82968
-0.80832
0.79942
-0.65286
-0.63999
-0.65026
-0.26629
-1.1301
-0.050905
0.15861
0.44851
0.47869
-0.63662
0.076279
0.61184
0.57443
-0.00941
-0.43077
0.85821
-0.55579
-0.045153
0.51164
-0.4181
0.40682
-0.060921
-0.12429
-0.13855
-0.93571
-1.7177
-0.578
-0.8
0.70927
0.4169
-0.38881
0.65054
0.63438
-0.57196
0.27543
-0.95825
1.1524
-1.2073
-0.38779
-0.41459
1.5932
-0.22014
-0.05102
-0.97407
-0.11021
0.40498
0.38987
0.056522
-0.53405
0.077783
0.98621
0.95266
0.11243
-0.89624
-1.0083
0.50146
-0.17874
0.30755
-0.14629
-0.9521
-0.73924
0.25097
0.87531
-0.87347
0.50891
0.63119
0.91979
-0.40153
-0.53263
-0.046218
-0.29113
-0.99289
0.90972
0.63763
0.57929
-0.692
0.20396
0.33894
-0.33003
-0.94447
0.6705
0.12412
0.63551
-0.32353
0.90449
-0.040001
-0.41868
-0.38958
0.18778
0.28017
-0.96653
0.015659
-0.91921
-0.9422
-0.47033
-0.9053
0.87205
0.2124
0.25831
0.76268
0.23524
-1.2395
-2.1726
0.5777
-0.5381
-0.78761
-0.1722
0.40915
0.048602
0.67442
0.36065
2.2094
3.7579
-0.62053
-0.42995
-0.96058
-0.78354
0.0091957
-0.92168
-2.5825
-0.90855
0.32828
-0.46787
0
1
