0.57313
-0.41765
0.59012
-0.42205
0.50381
0.29066
0.24918
-0.76965
0.93026
0.088427
-0.83955
0.65704
-0.35182
-0.419
1.0243
0.63074
-0.031287
-0.31552
0.67569
-0.93907
-0.084435
0.48689
-0.48646
0.63621
0.044861
-0.087574
-0.65182
0.16319
0.15785
-0.89891
-0.86704
-0.21252
-0.27311
0.63529
-0.37088
-0.034135
0.1114
0.41524
-0.98649
-0.001215
0.6226
-0.91953
-0.57874
0.34175
-0.4676
1.01
0.37245
-0.0061268
0.29479
-0.045446
-0.26155
0.73767
-0.69732
-0.29166
0.083353
0.64502
-0.11801
-0.37601
0.86758
0.14325
-0.42715
0.46423
-0.76164
-0.73058
-0.24813
-0.87328
-0.76303
-0.17231
0.050542
-0.0060855
-0.72908
-0.52828
0.92501
-0.23628
-0.91952
0.16883
0.40421
-0.28833
0.89447
0.093179
1.0234
-0.00069891
0.76866
0.47917
0.75149
-0.14217
0.85472
-0.63667
0.14778
-0.93727
0.59465
0.41654
0.10717
-0.69071
-0.95849
0.87268
0.85606
-0.3849
0.69325
0.6175
0.084328
-0.5397
-0.42427
-0.093589
-0.73464
-0.28857
0.10851
-0.4278
0.62439
0.31095
-0.53974
-0.37747
-0.25287
0.75059
0.88917
0.088499
0.14294
-0.32718
0.22905
0.83579
-0.96555
-0.93736
-0.28004
-0.46992
-0.25979
0.04738
-0.82413
-0.96201
-0.35939
-0.86993
-0.70074
0.7584
-0.076594
0.51145
0.054886
-0.55445
-0.12549
0.97104
0.4619
-0.64325
0.86931
0.52684
-0.40069
0.71524
0.34498
0.9737
-0.82669
-0.58495
-0.88318
0.57944
0.19235
-0.63572
0.97106
0.99186
0.59468
0.58032
0.75619
0.42731
0.36004
-0.44662
0.38792
0.94721
-0.096601
0.18354
-0.17685
-0.3123
-0.12341
0.78027
0.79393
-0.47874
0.21138
-0.52506
0.088135
0.36824
0.041713
-0.95556
0.082285
0.60433
-0.39214
0.68775
-0.28332
0.9764
0.85048
-0.31534
-0.064521
-0.80801
0.42223
0.93671
-0.38941
-0.78171
-0.035218
-0.51945
0.48766
-0.63249
0.46093
0.4877
0.053947
-0.90104
0.7332
0.90811
-0.3652
0.11013
-0.84843
0.15116
0.38235
-0.56304
-0.87269
-0.22351
0.21087
0.43757
-0.28286
-0.16906
0.5112
0.20025
0.31607
-0.91426
0.39621
-0.55659
-0.75432
0.18369
0.77291
0.65198
0.0048279
-0.57616
0.51559
-0.83758
0.84376
-0.056451
-0.61452
-0.077118
0.89655
0.59392
0.82816
-0.81489
0.39081
0.64579
-0.55065
-0.22934
0.18163
0.85923
-0.80484
-0.72547
-0.078693
-0.21184
0.26705
0.25033
0.35216
-0.54953
0.66551
0.60842
-0.68256
0.95455
-0.64766
0.91983
-0.031982
-0.56034
-0.55462
-0.73613
-0.83675
-0.49678
0.41129
0.52296
-0.43562
0.75624
-0.913
0.91942
0.67131
0.50338
-0.13529
0.31068
0.86955
0.94831
-0.48272
-0.066219
-0.40674
0.37844
-0.5257
0.90779
0.14696
0.51598
0.6377
-0.038458
-0.59518
-0.79659
-0.051685
-0.13056
0.16542
0.56016
0.52615
0.27642
0.51458
-0.40834
0.10079
-0.68766
0.16809
-0.40712
-0.12026
-0.033758
0.96837
-0.076478
0.13606
0.92038
-0.18749
-0.78606
-0.47302
0.81804
0.72082
0.63597
-0.99525
0.80204
0.9801
0.73291
0.26547
-0.9963
-0.93581
-0.60094
0.91791
0.34366
-0.27832
0.75743
0.24905
0.2952
-0.37647
-0.72655
-0.78646
0.13161
-0.41946
0.079018
-0.35071
-0.072641
-0.69415
-0.17513
-0.37447
0.97191
-0.86112
-0.72082
0.86512
-0.60081
-0.48976
-0.21995
-0.47054
-0.63352
-0.86263
0.68141
0.12062
0.51938
0.723
0.84283
0.91824
-0.032439
0.55281
-0.46846
-0.041818
0.7836
0.75033
0.90793
-0.79074
0.18358
-0.1838
0.42961
0.33908
0.43368
-0.10885
-0.72431
-0.27807
-0.56187
-0.57013
0.1386
-0.009656
0.78064
0.60794
-0.21973
0.93123
0.93319
-0.66281
-0.6516
0.74992
0.5022
-0.82158
-0.8738
-0.26545
-0.55809
-0.093129
0.38425
-0.86207
0.61989
0.46517
-0.31911
0.87337
-0.19988
-0.59083
-0.50153
0.13466
0.21346
0.57282
0.36376
-0.29131
0.026544
-0.41482
-0.13046
-0.62271
-0.97378
-0.90651
-0.010831
-0.50577
0.3884
0.94525
0.32435
0.35446
0.94273
-0.56242
0.96652
0.045982
-0.30045
-0.080096
-0.35854
-0.35348
0.33106
-0.35343
0.36752
-0.24008
0.1737
-0.92384
-0.010844
0.61429
0.56516
-0.39445
-0.11642
-0.56314
-0.84375
-0.10621
0.49024
0.38779
0.38462
0.69066
-0.76308
0.2537
0.57253
-0.98818
-0.82688
-0.53774
-0.405
1.0361
0.80215
0.16967
0.55504
0.35492
-0.1277
-0.80376
0.61934
-0.33262
-0.35086
0.5648
-0.86821
-0.16606
0.42373
0.029967
0.73363
0.58832
0.69437
-0.24473
-0.61545
-0.11427
0.75054
0.77304
-0.47177
0.80767
-0.54578
0.25372
0.29748
-0.10696
-0.14274
0.66346
0.90435
-0.40088
-0.68617
-0.86286
-0.73497
-0.78267
0.34293
0.20694
-0.96839
0.38558
-0.80844
-0.042975
-0.35643
0.17001
-0.60857
-0.63935
-0.77023
0.2688
-0.086127
0.52528
0.8115
-0.6502
-0.28869
0.50628
0.63748
-0.79289
0.34588
0.90215
-0.62578
0.63788
-0.71196
-0.55143
-0.55975
-0.33462
-0.032702
-0.72954
-0.42514
0.72502
0.73198
-0.61786
0.82818
-0.62636
-0.93623
0.48259
0.20971
-0.21153
-0.98152
0.2147
0.43511
-0.66617
-0.77655
-0.62435
0.18474
-0.29772
0.029148
0.1612
0.094366
0.4311
-0.30496
-0.71607
-0.52263
-0.79835
0.22507
-0.12694
-0.52011
-0.55354
0.55677
0.67196
0.6855
-0.97565
0.068948
0.60837
0.25125
0.30461
-0.092692
-0.69019
0.64305
-0.0041633
-0.15856
-0.234
0.44182
0.92192
-0.068002
0.087556
0.67867
0.49205
0.24825
-0.59522
-0.75875
-0.71402
-0.44605
-0.18082
-0.037082
-0.39442
-0.95435
0.4694
-0.94728
-0.27849
-0.8238
0.88127
-0.58799
0.09433
-0.39788
-0.0074016
0.30354
-0.10075
-0.53971
-0.80359
-0.018162
-0.58622
-0.96707
-0.71403
-0.67529
-0.89075
-0.73424
-0.37004
0.72208
0.45224
0.51528
-0.16792
-0.13475
-0.28567
0.54227
0.29263
-0.9046
0.53834
0.57658
-0.1306
-0.17689
-0.41897
0.094162
0.58718
0.87714
0.50386
-0.15234
-0.70687
-0.69601
-0.71754
0.94074
-0.47134
0.62002
0.2223
0.1924
-0.10311
-0.61126
-0.62005
-0.88887
-0.29869
0.38276
-0.15689
-0.43816
-0.28345
0.83843
0.17335
0.82618
-0.26139
-0.38595
0.69467
0.84262
0.68844
0.28227
0.83713
0.86925
-0.4146
-0.31014
-0.50256
0.13294
0.38692
0.57114
-0.30985
0.93115
0.30479
0.22481
0.16192
0.87617
-0.30958
-0.3114
-0.45366
0.49742
-0.26079
0.48113
-0.66387
-0.034601
-0.74579
-0.99706
0.35348
-0.35579
-0.7716
-0.98224
-0.47393
0.89178
-0.82569
0.1952
-0.21688
0.16497
0.22817
0.67084
-0.45873
-0.095498
0.08929
-0.098458
0.70239
-0.31879
-0.70711
0.13184
0.85314
0.16113
-0.21499
-0.85681
-0.039577
0.56059
0.72233
0.60034
-0.93053
0.65258
-0.735
-0.84207
-0.44253
-0.62245
-0.88172
-0.23288
0.70972
-0.23892
-0.9368
-0.011594
-0.84906
-0.67074
-0.038612
-0.30912
-0.52524
-0.73121
-0.55231
-0.9858
-0.74089
0.14041
-0.74023
0.53029
-0.53686
0.27603
0.93364
0.69381
0.15893
-0.31928
-0.31446
-0.30089
-0.053809
0.38893
0.038124
0.31606
0.32734
-0.4466
-0.41354
0.68016
0.23517
-0.79899
-0.78616
0.03058
-0.29496
-0.57789
-0.48608
-0.63285
-0.22651
-0.17542
-0.0090668
0.63913
-0.53852
0.5593
0.74449
0.57416
-0.7721
0.43841
0.56808
-0.33778
0.10562
-0.66267
-0.41203
0.04919
-0.50442
