2
1
2
25
25
ReLU
ReLU
Affine
0.20784
-0.28336
0.70495
-0.79358
0.70757
0.27709
0.64996
-0.25603
0.24919
-0.81507
0.049792
0.57425
-0.63702
-0.70034
-0.58135
-0.15102
-0.57914
-0.84699
-0.7108
-0.75754
0.65172
-0.84671
0.091311
-0.34288
0.62405
0.70125
0.36108
0.64244
0.78911
0.44515
-0.16149
-0.73374
0.57122
-0.83234
0.19358
-0.1674
0.28502
0.36705
0.56238
0.87211
0.27299
-0.40474
0.39857
0.90785
-0.10059
-0.057791
-0.025305
0.8723
0.13068
0.38747
-0.87859
-0.91231
-0.1647
0.0090192
-0.22158
-0.20471
0.60983
0.11792
0.31025
0.053599
-0.55638
-0.85669
-0.55037
-0.68108
0.51883
0.78644
-0.74504
0.72088
0.96992
0.76826
0.43533
-0.69894
-0.15975
-0.40496
-0.38454
0.097349
0.17115
-0.038335
-0.032128
0.29324
0.77775
-0.8036
-0.92419
-0.027155
-0.090596
-0.41918
-0.04711
-0.79952
0.88917
-0.79836
0.77305
0.90134
-0.35514
-0.34748
-0.59396
0.35739
-0.0036536
-0.12667
0.29289
0.85432
0.20389
0.22634
-0.01125
0.74121
-0.056028
0.36353
-0.55746
-0.0089815
0.66653
1.0271
-0.12707
-0.42371
-0.77826
-0.18652
-0.86307
-0.34832
-0.072951
0.75703
0.021508
0.46045
-0.94039
-0.4588
0.5636
-0.28128
-0.87642
-0.40151
-0.87552
-0.5938
0.19611
-0.68683
0.46753
-0.73689
0.64036
-0.20465
-0.81724
-0.80383
-0.73244
0.78572
0.89256
0.041873
0.71573
-0.2657
0.8521
0.7629
0.41023
-0.33393
0.091172
0.93769
0.34356
-0.49075
0.37595
-0.26633
0.62893
-0.92877
0.2798
0.79056
0.49854
0.13847
0.10138
-0.23991
0.22053
-0.13299
0.36773
-0.31205
-0.82207
-0.44405
-0.19656
0.50784
-0.33209
0.20945
-0.61363
0.53017
-0.0032734
-0.61049
-0.036251
0.62627
0.71452
-0.20553
0.88334
0.82523
0.34406
0.72813
-0.28043
0.51204
-0.81655
0.96482
0.50009
0.71043
0.91751
-0.71023
0.44277
-0.84107
0.18825
-0.45473
0.37699
0.68342
-0.31901
0.71748
-0.367
0.29589
0.054226
0.14231
0.31404
0.2616
-0.23679
-0.87789
-0.50535
-0.65381
-0.22832
0.71097
0.26025
-0.43384
0.84944
-0.26705
-0.3279
0.85665
0.72422
-0.70169
-0.54379
0.53532
0.2568
0.97626
-0.43057
0.32426
-0.056131
-0.24299
-0.66416
0.43392
-0.93383
-0.16817
-0.82089
-0.84411
0.28698
0.069212
-0.01504
0.58505
-0.7541
0.81538
-0.88272
0.41037
-0.24694
0.51368
0.22111
0.27973
0.15264
0.70544
0.52383
0.8669
-0.69961
-0.13152
-0.82785
0.27006
0.032762
0.47005
0.26513
0.20697
-0.65345
-0.55304
-0.012806
-0.1305
0.81094
0.12391
0.4551
-0.69051
0.7755
0.51332
-0.45935
0.76377
0.76981
0.7631
0.39127
0.020031
-0.71612
-0.15709
-0.78881
-0.36939
0.63499
0.99724
-0.54498
-0.68764
-0.086598
0.35586
0.68259
-0.11992
-0.5781
-0.25919
-0.74629
-0.018321
0.2392
-0.45163
0.78743
-0.19971
0.79387
-0.53571
-0.42967
0.68617
-0.27334
0.89686
0.88319
0.091497
-0.29286
0.63903
-0.16033
-0.77548
0.37554
0.044801
0.0068603
0.16017
0.22303
-0.18165
0.062947
0.12798
-0.64195
0.53315
-0.97151
0.41068
0.14295
-0.95011
0.11222
0.23399
-0.81521
-0.12179
-0.30706
-0.45669
-0.43868
0.7549
0.59665
0.74748
0.063336
-0.30706
-0.04667
0.40273
0.074999
0.35812
0.14667
-0.6911
0.23243
-0.50856
0.81957
0.6327
-0.85695
-0.26604
-0.67482
0.54686
-0.89287
0.087189
0.95484
0.83859
-0.57332
0.20697
-0.6719
-0.37156
-0.47649
0.63456
0.24729
0.2978
0.836
-0.4808
0.62127
-0.06283
0.19111
0.26995
-0.31751
0.39961
0.085041
-0.81823
-0.48489
0.74431
0.91493
-0.24365
0.10282
-0.25946
0.079127
-0.32362
-0.57724
-0.55078
-0.29362
-0.37827
0.36839
0.95326
0.63686
-0.034218
0.21054
-0.79957
-0.16714
-0.081985
0.60396
-0.65496
0.82881
-0.075597
0.097277
-0.50227
-0.12589
0.80053
0.45189
-0.71867
0.6808
0.27657
-0.82868
0.20419
0.2797
0.79373
0.7984
-0.27109
-0.23615
0.28074
-0.31102
0.085288
-0.35513
0.11766
0.37013
-0.076488
0.42011
0.15815
0.34427
0.37755
-0.38962
0.034193
-0.81772
-0.57159
-0.17897
0.32731
0.80199
0.21757
-0.31279
-0.32823
-0.34461
0.72957
-0.45322
0.83623
0.2008
0.99373
0.56124
-0.27737
0.27188
-0.095108
0.38724
0.19864
-0.30247
-0.37318
-0.070548
0.69301
-0.13866
0.32652
0.96594
0.39484
0.22462
0.8457
0.50861
0.78087
0.90404
-0.91085
-0.7655
-0.824
-0.55641
-0.67925
0.049995
0.565
-0.13039
0.59478
-0.86303
0.63263
-0.19553
0.16271
0.84624
0.19618
-0.55427
0.8141
0.32521
0.34163
-0.39072
0.70921
-0.8101
-0.17616
-0.10295
0.47766
0.94115
-0.51472
0.13092
0.75994
-0.81287
0.026958
-0.97574
0.65977
0.17565
0.83194
0.84768
0.46969
-0.055478
-0.23005
-0.94729
-0.87149
-0.18915
-0.097037
-0.406
0.077239
0.92243
0.89184
-0.32826
-0.83474
-0.39002
0.64982
-0.25515
-0.036441
-0.90788
-0.59102
-0.92566
0.3568
0.38329
0.33553
-0.10677
-0.30036
-0.31545
0.0015718
-0.93869
0.89972
0.75841
-0.048125
-0.4684
0.92809
0.97589
-0.87966
-0.14421
0.13877
0.46949
-0.43799
-0.37105
-0.8354
-0.679
0.61471
-0.40028
0.15259
-0.99736
-0.20858
0.73172
-0.7676
0.20902
-0.74056
-0.31473
-0.63931
0.69918
0.67981
0.79499
0.84472
-0.61278
0.83883
0.43533
0.38441
0.79851
-0.21419
0.79731
-0.74524
0.06322
0.85586
0.15314
-0.18505
0.48813
-0.032534
-0.42426
-0.54438
0.68606
-0.42101
0.49042
0.31231
-0.85213
-0.13542
-0.2647
-0.61882
-0.30143
-0.81701
-0.64219
0.036553
-0.40139
-0.74573
0.94255
0.12507
0.53215
0.92922
-0.79107
-0.0031348
0.57165
-0.54084
0.22383
-0.21202
0.54899
-0.57839
-0.47445
0.44458
0.10168
-0.86453
0.80868
-0.65193
0.70651
-0.52775
0.26987
-0.20662
0.92346
-1.02
-0.3672
-0.61629
-0.31755
-0.33828
0.33651
-0.11961
0.0080391
0.66242
-0.27823
0.61029
0.31035
0.31595
0.15581
0.87778
0.54832
-0.35684
0.13358
-0.27974
0.59276
0.12307
0.974
-0.14011
0.67128
-0.023309
-0.52823
-0.8079
0.3369
0.43159
-0.9889
-0.81891
0.61523
-0.84024
-0.055089
-0.47827
-0.72373
0.6557
-0.41118
0.50875
0.40651
-0.51843
-0.47868
-0.36526
-0.43125
0.67683
-0.6494
-0.95768
0.38084
-0.50234
-0.071445
-0.67921
-0.20364
-0.06021
-0.20973
0.34706
-0.91753
0.32159
-0.34849
0.1705
0.90059
-0.60603
-0.40814
-0.89522
0.31041
0.69828
-0.66281
0.048807
0.054585
-0.63286
-0.32198
0.66615
0.95882
-0.23261
-0.66833
0.5969
-0.55309
0.10663
0.19496
-0.2585
-0.084374
0.80582
0.82959
-0.67606
-0.89748
0.1248
-0.82155
-0.99312
0.25752
-0.076314
-0.6723
-0.075689
0.23076
0.1454
0.5221
0.38601
0.13294
-0.27384
-0.65599
-0.27735
0.68983
0.90374
0.35163
-0.099051
0.25891
-0.65764
-0.36296
0.60183
-0.44508
-0.77953
0.73225
-0.24707
0.98399
0.7947
-0.50653
-0.74456
0.59614
0.085552
0.71078
-0.69309
0.54965
0.81378
0.19107
-0.56093
-0.33543
-0.36713
-0.26793
0.10114
-0.47355
-0.42833
-0.78006
0.23294
0.23797
0.010749
-0.88312
0.30612
-0.03694
-0.091725
-0.10662
0.93333
0.31669
-0.24948
-0.073051
0.13342
-0.14587
-0.0069305
-0.1621
-0.055439
0.32504
-0.037468
-0.42449
-0.84275
0.25976
-0.15709
-0.31236
0
1
