0.75679
0.80617
-0.85511
-0.46895
0.89601
-0.40391
1.0296
-0.34245
-0.83311
-1.1368
-0.78933
-0.033719
0.38129
0.31983
0.6459
0.99798
0.83218
-0.2151
0.012726
0.92029
0.32135
-0.35771
-0.38176
0.24492
0.36375
-0.042598
0.98239
-1.0675
0.77265
0.86966
-0.23847
0.093294
-0.39264
-0.054162
0.77208
0.22022
-0.35355
-0.62544
0.95855
-0.28492
0.90376
-0.80953
0.039206
0.53045
-0.79555
0.41155
-0.45524
0.80067
-0.3625
-0.72531
0.40671
-1.0869
0.050011
2.9886e-05
-1.9677
-0.010165
0.12187
1.0962
0.82303
0.11421
-1.01
0.11583
-0.37908
-2.2003
-0.063028
-0.24369
0.8902
-1.0044
-0.065483
1.2058
-0.72267
0.11121
-0.031041
0.79443
-0.51176
-0.87109
0.82804
0.41172
0.124
0.59237
-0.06118
-0.46446
-0.099054
0.50283
-0.60679
0.018418
-0.079514
-0.051919
0.74703
0.4589
0.58693
0.70869
0.58822
0.26077
0.053153
-0.87019
-0.50487
-0.07779
0.41518
0.7258
-0.93395
0.43441
-0.081759
-0.080727
-0.32637
-0.0028514
-0.073167
-0.36899
-0.42618
-0.19938
-0.27591
-0.88116
0.85187
0.83866
0.52009
-0.42768
0.94502
-0.68843
-1.0088
0.16131
-0.53886
0.49507
-0.086888
0.42956
-0.9155
0.84812
0.83725
0.79373
0.2905
0.36535
0.90486
0.74626
-0.39833
0.32694
-0.40638
0.88713
-0.52694
-0.99092
0.3079
0.86302
-0.53768
0.17199
-0.72904
-0.21531
-0.24135
-0.30228
-0.89584
0.23299
-0.50677
-0.2827
0.40352
0.67438
0.34537
-0.53762
-0.60641
-0.53343
0.21238
0.95201
0.46314
0.55878
-0.67804
0.47498
0.51838
-0.62005
0.95272
0.35288
-0.96377
-0.11594
-0.24319
-0.8742
-0.82699
-0.3848
-0.6685
0.36899
0.73887
-0.82133
-0.78615
0.014878
-0.9242
0.24783
0.9094
-0.48026
0.6791
0.14281
0.49554
0.77851
-0.69373
0.3392
-0.99142
0.5618
-0.77512
0.39667
-0.90721
-0.005839
0.59218
-0.26569
0.77273
-0.52004
-0.16464
-0.18607
0.90429
0.54124
0.91865
0.29962
0.29898
0.037058
0.90622
-0.26397
-0.25043
-0.24412
0.95677
-0.51305
-0.87525
0.83879
-0.92499
-0.22765
0.8095
-0.50568
-0.21279
0.28256
0.60831
0.47574
0.43852
0.50529
-0.018878
-0.0034997
0.41625
0.11427
0.49545
-0.13168
0.35779
0.60187
-0.61038
-0.87179
-0.82455
0.94639
0.23438
-0.15554
0.87366
0.9612
-0.65234
0.14789
0.8462
-0.2571
-0.88898
0.15624
-0.33416
0.7399
0.06199
-1.2748
0.93958
1.0321
1.1826
-0.62044
-0.5667
-0.76355
0.54576
0.32513
0.81683
-0.41892
-0.93949
-0.4018
0.43167
0.45298
-0.46883
0.6964
0.54339
-0.87831
-0.61459
0.23231
0.55379
-0.91994
0.32146
0.11237
0.34425
0.99906
-0.8654
0.51397
-0.27528
-0.22224
0.029241
0.39919
-0.065507
-0.70741
0.4219
0.43655
-0.36605
-0.20944
-0.76632
0.10497
-0.045156
0.44027
0.0104
0.26494
0.53089
-0.5567
0.84104
-0.52293
-0.92405
0.10651
-0.60005
0.77934
0.52476
-0.23656
0.38702
-0.35933
-0.94829
0.43114
0.10024
0.41424
0.21719
-0.94061
0.38091
-0.07398
0.86767
-0.4679
1.0155
-0.47772
0.34608
0.29365
-1.0409
0.37717
0.16827
-0.058769
-1.1305
-0.053569
-0.96696
0.40807
0.73199
-0.65297
-1.0541
0.074083
-0.5829
0.89578
0.98399
-0.26933
0.61713
0.46235
0.52968
-0.5431
0.44945
0.22437
0.44715
-0.00742
-0.52709
-0.23897
0.51817
0.75962
0.79086
-0.40829
-0.037875
-0.037553
0.14836
-0.48613
-0.17013
-0.18716
0.35844
0.52592
-0.094535
-0.18213
-0.087486
-0.89112
-0.91277
0.73168
0.43249
-0.019566
-0.69599
-0.71782
0.61363
-0.34915
-0.5995
0.17826
0.66827
0.92153
0.33552
-0.36397
-0.64785
0.66229
-1.0056
0.55108
0.845
-0.5302
-0.76432
0.75916
0.44474
0.16684
-0.29889
0.039326
-0.36503
0.74637
-0.70011
-0.018446
0.18742
-0.72791
0.82422
-0.40491
0.78136
0.35734
0.60227
-0.81169
-0.24118
0.27622
-0.094565
-0.99095
-0.72617
0.47017
0.4179
-0.3386
0.78841
0.85729
-0.39233
0.75974
-0.78428
0.41548
0.5542
0.7639
-0.66483
-0.82851
-0.8532
-0.9746
0.81773
-0.69482
-1.0229
0.8691
-0.074977
0.72749
0.82976
-0.24552
-0.50126
-0.64531
0.7906
0.084554
0.37764
0.56234
-0.46056
0.5373
0.78917
0.026983
0.54818
-0.16344
0.43941
-0.60807
0.35676
-0.63353
-0.67816
-0.80093
0.35648
0.62042
0.072796
-0.95833
-0.8112
0.081277
0.83641
0.74427
0.86833
0.26591
-0.18627
-0.17487
-0.37852
-0.30111
1.238
0.58595
0.47312
0.0016928
-0.18485
-0.43604
-0.99461
0.091487
-0.83084
-0.17077
0.51005
-0.17715
0.12951
0.46729
-0.73109
-0.99864
-0.68671
-0.78484
-0.86563
0.56362
-0.45006
0.25127
-0.3779
0.25874
0.30127
0.63756
-0.67233
-0.35441
0.89894
0.96202
-0.81718
0.47216
0.85736
0.91475
0.31819
-0.42342
-0.3339
-0.85385
-0.0568
-0.68063
0.17272
-0.1022
-0.33744
-0.72755
-0.9627
0.80505
-0.88156
-0.31887
0.32291
0.28668
-0.39707
-0.23121
-0.4256
0.51969
-0.61491
-0.89763
0.54587
0.55153
-0.25475
-0.0050872
-0.093133
0.57406
-0.7426
0.080579
-0.17895
0.39381
-0.46455
0.87993
-0.89476
0.012105
0.65876
0.92899
0.59072
0.60914
-0.52866
0.9172
0.17614
-0.094455
-0.96398
-0.13264
-0.49412
-0.95153
0.28678
-0.79811
0.55345
-0.7513
0.5733
-0.67719
-0.36751
0.032104
0.76236
0.07098
0.27423
0.20944
-0.60968
0.27295
0.38272
-0.31762
0.68617
0.14422
0.4304
-0.97362
-0.11633
-0.66087
-0.19121
0.79367
-0.43183
-0.77514
0.00082303
0.052722
0.79792
-0.66422
-0.27693
-0.8484
0.6278
0.91126
-0.27097
0.60933
-0.4157
-0.15641
0.98206
0.51152
-0.42811
-0.30028
-0.28727
0.60722
-0.24351
1.3641
0.44466
0.77928
-1.03
0.50768
0.11118
-0.5231
0.67885
0.8997
-0.59444
0.33738
-0.73486
-0.23388
-0.31106
0.047575
-0.46039
0.030191
0.74182
-0.05595
0.67074
0.31696
0.8365
0.0025787
0.39419
0.51768
0.32235
0.096157
0.25006
0.95669
-0.17198
0.82976
-0.57678
-0.22443
0.34757
0.90012
0.83199
-0.40993
0.55551
-0.19424
0.15284
-0.77961
-1.0208
-0.95663
0.0041118
0.23134
-0.79182
0.3014
-0.41477
0.60547
-0.16628
-0.19328
0.20009
0.00062341
-0.83352
-0.83957
0.16482
-0.75618
0.97552
0.35736
0.65943
0.81301
-0.74692
0.7853
0.64161
-0.76084
0.017444
-0.44365
0.28362
0.31072
-0.56298
0.49986
-0.18626
-0.46
-0.79078
-0.12603
0.12102
0.46616
0.16258
0.16034
-0.89853
-0.40377
-0.88972
0.17007
-0.01378
-0.19529
-1.0927
0.64106
0.031231
0.8526
0.93857
-0.98685
0.59731
-0.40922
-0.72053
0.086488
0.9676
0.054702
-0.51916
0.90362
-0.17671
0.1782
0.36626
0.57531
-0.029468
-0.11545
-0.51868
-0.5865
-0.29505
-0.76891
-1.346
-0.64292
-0.86522
0.47934
0.37918
0.57868
-0.78795
0.071469
0.51062
0.88254
0.059284
-0.59241
-0.83344
0.74545
-0.2095
-0.96251
-0.71029
0.71887
-0.90874
-0.5564
-0.58417
0.04798
-0.23636
-0.98915
0.7491
-0.16643
0.06602
-0.72863
-0.4622
-0.15304
0.089739
0.0084754
-0.29069
0.52504
-0.1487
1.2892
-0.93747
-0.41524
-1.8408
0.65092
-1.1744
0.53013
0.58004
0.86439
0.20082
0.30533
-1.4091
0.77608
-1.2159
0.053594
-0.54016
-1.1957
-1.5593
-0.86552
0.066601
