-0.21376
-0.2976
-0.17771
-0.21338
-0.24754
0.49569
0.80945
-0.31853
-0.34995
-1.0475
-0.057554
-0.16398
-0.44284
0.99254
-0.20418
-0.31172
-0.47096
-0.16874
-0.3197
-0.87968
-0.21551
0.047874
0.0059306
-0.10486
0.13496
0.22505
-0.3164
1.5591
-0.42358
0.3293
1.9271
-0.018449
0.1042
0.36797
0.44453
0.28709
-0.178
-0.56381
0.65401
0.33442
1.053
0.48784
-0.12867
-0.39517
-0.17629
-0.12974
-0.66641
0.54661
-1.0385
-1.2655
0.69025
0.30691
-0.95274
0.46658
1.508
-0.99079
0.15394
0.090323
0.026692
0.21389
0.56556
0.79387
-0.17911
0.34409
-0.43537
-0.65907
1.3526
0.19489
0.41895
-0.18806
0.53833
-0.89923
-0.93518
-0.21221
0.69917
0.81015
-0.10928
0.26047
0.77447
0.35912
0.30475
0.3
0.1778
-0.58934
0.98762
-0.014554
0.60939
-0.78062
-0.097356
-0.97485
0.71631
-0.44241
-0.48131
-0.89679
-0.59259
-0.98594
-0.7163
-0.098759
0.7967
0.5491
0.29125
0.13258
-0.44559
-1.005
-0.28327
0.69992
0.98878
0.61421
-1.1187
0.41407
0.08028
-0.77554
0.45955
-0.27394
-0.68336
-0.41156
-0.13209
0.85195
-0.10122
0.6846
0.59016
-0.38613
0.76872
0.76791
-0.14643
-0.35902
0.013738
0.60935
1.023
-0.49109
0.32322
-0.64467
0.78143
0.93356
-0.32698
0.33033
0.25045
0.91214
-0.26152
0.95325
0.097061
0.25312
0.43495
0.69001
0.85684
0.65165
-0.42144
0.14468
-0.2998
-1.0165
-0.91187
0.91695
1.015
-0.92463
-0.35198
-0.96355
-0.29493
0.81974
-0.6922
-0.56577
0.5663
-0.68505
-0.1562
0.52014
0.30759
-0.25802
-0.54743
0.037515
-0.47618
-0.54858
0.83971
0.88655
-0.10396
0.56318
-0.35514
0.37518
-0.28499
-0.79567
-0.62203
-0.72522
0.15542
-0.77253
0.36594
0.0058798
-0.10605
-0.93994
-0.14817
-0.57214
0.70981
0.24855
-0.21728
-0.24218
-0.2726
0.20086
-0.53877
-0.72808
-0.59343
-0.49333
-0.98287
0.46223
-0.69039
-0.2894
-0.9498
0.21789
0.20629
0.99586
-0.76304
0.23738
-0.31356
-0.46207
-0.91904
-0.43275
-0.95833
0.72302
-0.076939
0.7802
0.20694
-0.68817
0.26149
0.17272
0.86641
-0.6519
-0.8824
-0.45363
0.84502
-0.21188
-0.52606
0.8697
0.58299
0.013319
-0.25238
-0.0060109
0.1061
-0.0096029
-0.25143
0.80302
0.70421
0.79323
0.10705
0.34468
0.072652
-0.020238
-0.67769
-0.64205
0.048185
-0.22758
-0.26005
-0.90539
-0.50188
-0.98578
0.93088
0.93494
0.67192
-0.1008
0.37229
0.70601
-0.79433
-0.78789
0.27125
-0.73077
0.76246
-0.30556
0.36426
0.40148
-0.18189
-0.28808
1.3023
-0.23286
0.057688
0.32777
0.73062
-0.72169
-0.18906
-0.35114
0.28881
-0.60392
-0.73686
-0.45547
0.93706
-0.8709
0.8211
-0.93107
-0.44264
0.74511
0.80191
-0.33347
0.73174
0.45442
-0.14675
0.064406
0.58933
-0.49972
0.34651
-0.85625
-0.66239
-0.7973
-0.10805
-0.68906
0.26623
-0.10702
-0.63946
-0.39505
-0.6633
0.57121
0.99591
0.59007
0.42214
0.95563
-0.76016
-0.88023
-0.8883
0.48125
-0.8034
-0.55034
0.80032
0.78841
-1.4523
0.31962
-0.72482
0.61439
0.93362
-0.47597
-0.53854
0.048424
0.56501
-0.25036
0.80498
-0.27772
-0.40328
-0.67508
-0.12178
0.091612
-0.9616
-0.34543
-0.25711
-0.61856
0.8354
0.91471
-0.86318
0.57659
-0.40459
0.0062743
-0.49086
-0.42507
-0.70257
0.50821
-0.12198
0.70588
1.2927
-0.79252
-0.25716
0.34156
-1.0066
-0.5012
-0.09044
-0.28239
0.66847
0.37341
-0.65479
0.57974
0.94997
-0.93944
0.95123
1.2242
-1.9004
0.56309
-8.9592e-06
-0.41638
0.74455
0.61228
-1.198
-1.7184
-1.104
0.20507
0.14388
0.81017
0.16919
1.4763
-0.65703
-1.7756
0.078419
-0.89358
1.1341
-0.94279
-0.36309
1.058
0.019565
-0.51538
-0.13248
-0.16048
-1.7716
-0.032105
0.011632
0.24478
2.336
0.51246
-0.32598
-0.69002
-0.44196
-0.67354
1.0124
-0.33093
-0.54374
0.37265
0.21871
0.61149
0.40699
0.199
-0.23158
1.3743
0.066357
0.14828
-0.343
-0.58643
-0.12535
-0.35614
0.4394
0.17277
-0.0843
-0.36934
-0.85328
0.24701
-0.31767
-0.75851
0.19573
-0.97856
0.1101
0.80946
0.25997
0.48029
-0.29827
-0.86236
0.183
0.3041
-0.94794
0.52175
-0.70856
-0.88672
0.38342
0.32923
0.28572
-0.16788
0.88574
-0.060798
0.76946
-0.27374
0.24615
0.0016
-0.31532
-0.083713
0.3627
0.84482
-0.39217
-0.62221
0.58119
0.070556
-0.71934
-0.044337
-0.51123
-0.2671
-0.62683
0.71676
0.12504
-0.44338
-0.42505
-0.27271
-0.35676
-0.57996
-0.74517
0.12738
-0.84471
0.19347
-0.15399
0.23682
-0.74562
-0.71826
0.94135
0.48218
0.42115
0.49991
-0.60899
-0.96435
0.88537
0.18362
0.06703
-0.42123
-0.06437
0.38764
-0.79165
0.11715
-0.51423
-1.0428
-0.6279
0.69457
-0.61539
-0.21313
-0.73441
-0.45174
0.74069
-0.41879
-0.81683
-0.2027
0.38153
-0.21191
-0.48473
-0.46362
-0.4836
0.5377
0.67163
0.01973
-0.67671
0.34029
-0.65519
-0.38992
-0.17259
0.059899
-0.72793
0.485
-1.0158
0.225
0.38404
0.54242
-0.088254
0.51632
-0.51065
0.69762
-0.73563
0.88898
0.88799
-0.47773
-1.0397
0.37892
-0.63913
-0.96535
0.88848
-0.96981
0.91817
0.698
-0.23753
0.51982
0.49385
0.36775
0.36398
0.9474
-0.80487
-0.54982
-0.30785
0.15619
0.23213
-0.44724
0.60673
0.39827
-0.072246
-0.45115
-0.51979
0.35303
0.42194
0.69777
-0.20361
-0.88015
-0.89925
-0.20031
-0.45996
0.2032
-0.4574
-0.59137
0.95813
-0.31692
-0.58655
-0.65109
0.037789
-0.5327
-0.17085
0.56987
0.023799
-0.47995
0.19583
-0.41751
0.64459
0.30101
-0.12632
0.21261
0.81438
-0.032029
-0.090496
0.70453
0.17944
0.99826
-0.38913
1.0378
-0.86543
1.1198
-0.76061
0.0481
0.051708
0.72382
-0.25537
0.70501
0.75905
-0.78805
0.81135
-0.15269
1.1161
0.61218
0.16739
-1.0366
0.59048
0.031354
-0.81461
0.74193
-0.1751
-0.25799
0.49818
-0.66903
0.84846
-0.70531
0.52059
1.2055
0.019543
0.36048
-0.060613
0.077397
0.57599
0.085021
2.0104
0.90569
-0.5694
0.15294
0.85318
-0.14065
-0.80483
0.74062
-0.26633
0.72766
0.2488
0.78476
-0.18853
0.38604
-0.34757
-0.14835
0.22476
0.4655
0.045599
0.47646
-0.001618
0.1631
-0.45989
-0.83106
0.31175
0.39238
-1.1531
0.58649
0.92254
0.096501
0.61601
-0.81945
0.61338
0.797
0.31551
-0.37408
0.0082953
-0.19203
-0.39251
-0.74629
0.44785
-0.57826
-0.25484
0.83349
-0.62308
0.94053
-0.33774
0.51447
-0.37052
0.15657
0.60669
0.13984
-1.2919
-0.74105
-0.47556
0.18155
0.74041
0.39735
0.31299
-1.0253
-0.37701
0.25616
0.25744
1.1127
-0.30419
0.48026
0.51582
1.3899
-0.079371
1.1112
-0.49386
-0.14482
-0.092255
0.3803
0.36485
-0.21853
-0.36676
0.45015
0.32851
0.028664
-0.7635
-0.59994
-0.21239
-0.27839
0.68695
-0.29255
-0.052529
0.48494
-0.22519
-0.09648
0.37235
-0.78712
-0.93785
-0.91173
0.80053
-0.23139
-0.93083
-0.7948
0.35671
0.9053
-0.77649
0.50431
0.23974
0.24576
0.024815
-0.85018
-0.0041305
0.0034307
-0.02704
0.086645
0.087685
-0.30713
-2.4822
0.08007
-0.6267
0.87289
0.40849
0.19283
-0.54516
0.99988
0.020899
0.54847
1.2441
-0.14073
-0.61257
0.14931
-0.10281
